src/core/graphknife.cpp(ProcessOptions:185): Options:
	graphpath=/home/hadoop/simon/dataset/LJ/soc-LiveJournal.undir.elist.rand
	config=config/heter_config_26_11_1030
	npart=26
	haspartitioned=1
	partitionedgraph=partition/LJ/rand-stream//livejournal_heter_config_26_11_1030.eb.hiob.5.fc0.7.gama1.5.part
	isvertexbalance=1
	htype=2
	wtype=0
	edgecuts=1
	scoretype=1
	usefennel=0
	iocpufactor=0.000000
	gama=0.000000

src/core/graphknife.cpp(Start:221): vertexnum=4846609 edgenum=85702474

src/core/graphknife.cpp(Start:269): Partition Processing costs 40.555984s
src/util/filereader.cpp(GetCutsRatio:340): Edge Balacne factor (with in/out edge): 2.214148
src/core/graphknife.cpp(Start:290): edgenum = 85702474, edgenum_ = 85702474
Detailed edge-cut info:
0 141634 358133 95113 170313 137804 218475 82378 36651 40756 102040 223380 54532 28417 23675 22510 26356 26390 23689 29924 24166 25039 29852 24370 29320 24667 
141634 0 137303 115395 94035 141665 122655 79313 110875 112999 115205 88747 113843 73522 76217 68952 72403 68906 73101 73385 75722 75272 72269 76793 63587 72799 
358133 137303 0 78866 136320 114091 219738 85161 28914 28294 86112 259382 39458 25886 19615 21684 24535 23041 22306 24507 23861 22746 65249 21653 21824 22122 
95113 115395 78866 0 78773 124141 88261 93032 157408 131818 134261 76397 114159 71657 73441 63712 73023 70706 76197 68721 75721 73984 67494 73881 64239 62426 
170313 94035 136320 78773 0 94963 125440 72928 58622 63205 97649 106613 78227 54340 54388 52028 55104 56148 52653 52888 56257 51673 55222 55439 90601 48090 
137804 141665 114091 124141 94963 0 128389 95317 116688 120710 144205 119707 123980 77387 81317 71238 82328 74057 70704 76983 75585 76063 71355 77253 66499 63611 
218475 122655 219738 88261 125440 128389 0 100647 50101 63060 104176 156317 73217 59232 58542 53860 54875 55002 54304 60193 56379 61513 60444 55677 52437 49349 
82378 79313 85161 93032 72928 95317 100647 0 99140 79961 119597 132653 149470 53821 55682 47753 51534 54761 50799 57525 57091 55739 52922 55241 48521 46614 
36651 110875 28914 157408 58622 116688 50101 99140 0 133927 107867 43577 114076 67860 72667 67254 67410 68950 68466 68656 82097 68162 62397 76599 63535 61984 
40756 112999 28294 131818 63205 120710 63060 79961 133927 0 124403 55142 143441 78414 79569 76468 78617 70677 76030 72183 81047 87831 70829 83114 68379 86607 
102040 115205 86112 134261 97649 144205 104176 119597 107867 124403 0 111373 116517 77644 75836 70304 80337 74658 77504 75135 84061 75470 68875 73997 68202 68435 
223380 88747 259382 76397 106613 119707 156317 132653 43577 55142 111373 0 94017 44836 42877 40692 44561 41827 40685 46945 43424 44891 50870 44046 37397 37063 
54532 113843 39458 114159 78227 123980 73217 149470 114076 143441 116517 94017 0 77940 81639 78556 79530 78019 79666 74494 79040 82058 79011 78389 71848 65914 
28417 73522 25886 71657 54340 77387 59232 53821 67860 78414 77644 44836 77940 0 83315 77070 80609 79247 80383 78054 79236 79756 72047 81921 68589 62543 
23675 76217 19615 73441 54388 81317 58542 55682 72667 79569 75836 42877 81639 83315 0 72245 81659 76568 80412 72444 81426 77277 68058 79925 67239 61688 
22510 68952 21684 63712 52028 71238 53860 47753 67254 76468 70304 40692 78556 77070 72245 0 73706 68815 70858 68131 74234 84706 61167 70598 60389 55817 
26356 72403 24535 73023 55104 82328 54875 51534 67410 78617 80337 44561 79530 80609 81659 73706 0 74302 79456 70318 81051 76754 68189 77763 66751 61094 
26390 68906 23041 70706 56148 74057 55002 54761 68950 70677 74658 41827 78019 79247 76568 68815 74302 0 73964 69033 81229 73832 65172 75775 65710 58750 
23689 73101 22306 76197 52653 70704 54304 50799 68466 76030 77504 40685 79666 80383 80412 70858 79456 73964 0 68778 75293 74507 68674 80801 65363 61470 
29924 73385 24507 68721 52888 76983 60193 57525 68656 72183 75135 46945 74494 78054 72444 68131 70318 69033 68778 0 71836 71775 62888 73693 63340 58506 
24166 75722 23861 75721 56257 75585 56379 57091 82097 81047 84061 43424 79040 79236 81426 74234 81051 81229 75293 71836 0 79045 69865 78237 64962 61538 
25039 75272 22746 73984 51673 76063 61513 55739 68162 87831 75470 44891 82058 79756 77277 84706 76754 73832 74507 71775 79045 0 67245 77730 64471 62178 
29852 72269 65249 67494 55222 71355 60444 52922 62397 70829 68875 50870 79011 72047 68058 61167 68189 65172 68674 62888 69865 67245 0 67749 56151 54232 
24370 76793 21653 73881 55439 77253 55677 55241 76599 83114 73997 44046 78389 81921 79925 70598 77763 75775 80801 73693 78237 77730 67749 0 65331 64380 
29320 63587 21824 64239 90601 66499 52437 48521 63535 68379 68202 37397 71848 68589 67239 60389 66751 65710 65363 63340 64962 64471 56151 65331 0 53924 
24667 72799 22122 62426 48090 63611 49349 46614 61984 86607 68435 37063 65914 62543 61688 55817 61094 58750 61470 58506 61538 62178 54232 64380 53924 0 
pid 0: ec=1999584 cpucost=3649192.000000
pid 1: ec=2316597 cpucost=3442789.000000
pid 2: ec=1910801 cpucost=3610241.000000
pid 3: ec=2202826 cpucost=3439508.000000
pid 4: ec=1911919 cpucost=3432343.000000
pid 5: ec=2426040 cpucost=3435392.000000
pid 6: ec=2182283 cpucost=3452205.000000
pid 7: ec=1877600 cpucost=3451522.000000
pid 8: ec=1953883 cpucost=3461475.000000
pid 9: ec=2107481 cpucost=3439739.000000
pid 10: ec=2333863 cpucost=3445441.000000
pid 11: ec=2027419 cpucost=3462529.000000
pid 12: ec=2221041 cpucost=3452761.000000
pid 13: ec=1713726 cpucost=3117454.000000
pid 14: ec=1697721 cpucost=3117239.000000
pid 15: ec=1572747 cpucost=3117187.000000
pid 16: ec=1682265 cpucost=3117653.000000
pid 17: ec=1625539 cpucost=3117343.000000
pid 18: ec=1646063 cpucost=3117747.000000
pid 19: ec=1610335 cpucost=3117699.000000
pid 20: ec=1712403 cpucost=3117229.000000
pid 21: ec=1689717 cpucost=3117377.000000
pid 22: ec=1588226 cpucost=3118222.000000
pid 23: ec=1690355 cpucost=3117759.000000
pid 24: ec=1508609 cpucost=3117277.000000
pid 25: ec=1425801 cpucost=3117151.000000
src/core/graphknife.cpp(Start:332): Max Edge Cuts=2426040, Min Edge Cuts=1425801
src/core/graphknife.cpp(Start:333): Get EdgeCuts Ratio costs 286.973127s
src/core/graphknife.cpp(Start:334): EdgeNumber: 85702474, EdgeCuts: 48634844
src/core/graphknife.cpp(Start:335): EdgeCuts ratio= 56.748471%, EdgeCuts ratio2= 56.748471%
src/core/graphknife.cpp(Start:336): Vertex_BF= 1.765943, VCPULoad_BF= 1.765943
src/core/graphknife.cpp(Start:337): Edge_BF= 1.107074, ECPULoad_BF= 1.107074
src/core/graphknife.cpp(Start:338): TotalMinIoCost= 1111559240.000000[remap=false]
src/core/graphknife.cpp(Start:339): MaxVertexCpuCost= 329186.000000, MaxEdgeCpuCost= 3649192.000000
src/core/graphknife.cpp(Start:340): MaxIoCost = 51411780.000000, MinIoCosst=25888590.000000, bf=1.985886
src/core/graphknife.cpp(Start:341): MaxVertexTotalMixCost= 51730390.000000, MaxEdgeTotalMixCost= 54529234.000000
