src/core/graphknife.cpp(ProcessOptions:185): Options:
	graphpath=/home/hadoop/simon/dataset/LJ/soc-LiveJournal.undir.elist.rand
	config=config/homo_26
	npart=26
	haspartitioned=1
	partitionedgraph=partition/LJ/rand-stream//livejournal_homo_26.eb.hiob.4.part
	isvertexbalance=1
	htype=2
	wtype=0
	edgecuts=1
	scoretype=1
	usefennel=0
	iocpufactor=0.000000
	gama=0.000000

src/core/graphknife.cpp(Start:221): vertexnum=4846609 edgenum=85702474

src/core/graphknife.cpp(Start:269): Partition Processing costs 43.708910s
src/util/filereader.cpp(GetCutsRatio:340): Edge Balacne factor (with in/out edge): 2.029239
src/core/graphknife.cpp(Start:290): edgenum = 85702474, edgenum_ = 85702474
Detailed edge-cut info:
0 122240 125823 121963 120583 123126 126430 120682 125914 123112 124621 130745 124074 122161 122511 122520 120226 121749 115699 123739 112275 112992 129174 122981 122364 122891 
122240 0 121100 122111 120891 119753 122944 122925 124890 125147 121757 121921 124586 132022 122893 122332 116064 134656 114652 124509 117018 115428 121959 121460 125810 123816 
125823 121100 0 124310 120413 126780 124272 121653 121644 119524 120471 121384 123561 123052 123914 123002 120313 116427 110745 122452 113968 119577 132128 128181 120743 121370 
121963 122111 124310 0 118329 141359 122032 122164 120625 121682 122594 120729 124637 116556 125977 122928 130862 115863 114996 123781 114084 127911 121586 121879 120285 120097 
120583 120891 120413 118329 0 120803 128110 119801 120109 119740 120820 125177 122459 143812 121296 128263 125162 117585 113245 120663 127383 113755 119319 119309 122578 119742 
123126 119753 126780 141359 120803 0 119532 126390 117017 116499 114960 116382 121624 116151 128915 119626 146732 112769 107509 119431 120612 144622 119832 116124 114382 124034 
126430 122944 124272 122032 128110 119532 0 123372 125806 120432 123199 125776 125295 121889 124330 123562 118613 121342 115278 124550 112777 115374 121931 123181 123160 123130 
120682 122925 121653 122164 119801 126390 123372 0 125357 122115 125313 121148 120807 117226 123341 119866 121910 127170 116363 124481 112364 127907 123454 119648 124616 124164 
125914 124890 121644 120625 120109 117017 125806 125357 0 122668 125682 123864 122787 121300 121406 125203 116155 120311 124618 121919 113462 121257 122919 120614 125034 122023 
123112 125147 119524 121682 119740 116499 120432 122115 122668 0 125433 123295 125340 123631 122213 123497 131378 131932 118605 123961 110003 113080 122608 129083 123203 120704 
124621 121757 120471 122594 120820 114960 123199 125313 125682 125433 0 129602 124205 120833 122952 123614 115639 122212 132401 123881 109249 112242 125150 124669 123681 121581 
130745 121921 121384 120729 125177 116382 125776 121148 123864 123295 129602 0 124694 119503 121085 123418 117026 122442 120725 124495 109879 110776 129188 125144 124904 122427 
124074 124586 123561 124637 122459 121624 125295 120807 122787 125340 124205 124694 0 117716 124442 123114 120061 121243 113943 128485 118583 116691 123762 123781 125084 121678 
122161 132022 123052 116556 143812 116151 121889 117226 121300 123631 120833 119503 117716 0 119322 119465 114367 115384 111778 121510 110037 105849 119772 118108 121593 116968 
122511 122893 123914 125977 121296 128915 124330 123341 121406 122213 122952 121085 124442 119322 0 122535 123404 121276 113018 123276 111300 117929 130765 124817 122496 121387 
122520 122332 123002 122928 128263 119626 123562 119866 125203 123497 123614 123418 123114 119465 122535 0 123564 120367 113640 124062 111571 113435 122065 119476 127956 121766 
120226 116064 120313 130862 125162 146732 118613 121910 116155 131378 115639 117026 120061 114367 123404 123564 0 112541 105443 117133 139657 135067 118728 124567 116435 115166 
121749 134656 116427 115863 117585 112769 121342 127170 120311 131932 122212 122442 121243 115384 121276 120367 112541 0 122402 119371 108055 114411 122585 119890 121675 125785 
115699 114652 110745 114996 113245 107509 115278 116363 124618 118605 132401 120725 113943 111778 113018 113640 105443 122402 0 132114 128514 151407 117656 113667 123934 112584 
123739 124509 122452 123781 120663 119431 124550 124481 121919 123961 123881 124495 128485 121510 123276 124062 117133 119371 132114 0 112439 111086 123826 123871 125386 122629 
112275 117018 113968 114084 127383 120612 112777 112364 113462 110003 109249 109879 118583 110037 111300 111571 139657 108055 128514 112439 0 145190 110095 108316 126754 113559 
112992 115428 119577 127911 113755 144622 115374 127907 121257 113080 112242 110776 116691 105849 117929 113435 135067 114411 151407 111086 145190 0 110548 110173 112544 123290 
129174 121959 132128 121586 119319 119832 121931 123454 122919 122608 125150 129188 123762 119772 130765 122065 118728 122585 117656 123826 110095 110548 0 125550 123927 119459 
122981 121460 128181 121879 119309 116124 123181 119648 120614 129083 124669 125144 123781 118108 124817 119476 124567 119890 113667 123871 108316 110173 125550 0 124453 125908 
122364 125810 120743 120285 122578 114382 123160 124616 125034 123203 123681 124904 125084 121593 122496 127956 116435 121675 123934 125386 126754 112544 123927 124453 0 121334 
122891 123816 121370 120097 119742 124034 123130 124164 122023 120704 121581 122427 121678 116968 121387 121766 115166 125785 112584 122629 113559 123290 119459 125908 121334 0 
pid 0: ec=3060595 cpucost=3287927.000000
pid 1: ec=3062884 cpucost=3287286.000000
pid 2: ec=3046807 cpucost=3292103.000000
pid 3: ec=3059340 cpucost=3288094.000000
pid 4: ec=3049347 cpucost=3293439.000000
pid 5: ec=3054964 cpucost=3288478.000000
pid 6: ec=3056317 cpucost=3289579.000000
pid 7: ec=3054237 cpucost=3290131.000000
pid 8: ec=3052584 cpucost=3289242.000000
pid 9: ec=3058885 cpucost=3287117.000000
pid 10: ec=3056761 cpucost=3288665.000000
pid 11: ec=3055729 cpucost=3288165.000000
pid 12: ec=3062652 cpucost=3286190.000000
pid 13: ec=2990005 cpucost=3315817.000000
pid 14: ec=3056800 cpucost=3287818.000000
pid 15: ec=3040847 cpucost=3296389.000000
pid 16: ec=3046213 cpucost=3295105.000000
pid 17: ec=3009443 cpucost=3307403.000000
pid 18: ec=2964936 cpucost=3324460.000000
pid 19: ec=3063050 cpucost=3287536.000000
pid 20: ec=2917144 cpucost=3344438.000000
pid 21: ec=3002541 cpucost=3314195.000000
pid 22: ec=3057986 cpucost=3287432.000000
pid 23: ec=3034850 cpucost=3297564.000000
pid 24: ec=3064331 cpucost=3286835.000000
pid 25: ec=3027492 cpucost=3301066.000000
src/core/graphknife.cpp(Start:332): Max Edge Cuts=3064331, Min Edge Cuts=2917144
src/core/graphknife.cpp(Start:333): Get EdgeCuts Ratio costs 375.989968s
src/core/graphknife.cpp(Start:334): EdgeNumber: 85702474, EdgeCuts: 79006740
src/core/graphknife.cpp(Start:335): EdgeCuts ratio= 92.187234%, EdgeCuts ratio2= 92.187234%
src/core/graphknife.cpp(Start:336): Vertex_BF= 1.047160, VCPULoad_BF= 1.047160
src/core/graphknife.cpp(Start:337): Edge_BF= 1.014619, ECPULoad_BF= 1.014619
src/core/graphknife.cpp(Start:338): TotalMinIoCost= 79006740.000000[remap=false]
src/core/graphknife.cpp(Start:339): MaxVertexCpuCost= 195199.000000, MaxEdgeCpuCost= 3344438.000000
src/core/graphknife.cpp(Start:340): MaxIoCost = 3064331.000000, MinIoCosst=2917144.000000, bf=1.050456
src/core/graphknife.cpp(Start:341): MaxVertexTotalMixCost= 3257215.000000, MaxEdgeTotalMixCost= 6351166.000000
