src/core/graphknife.cpp(ProcessOptions:185): Options:
	graphpath=/home/hadoop/simon/dataset/LJ/soc-LiveJournal.undir.elist.rand
	config=config/homo_26
	npart=26
	haspartitioned=1
	partitionedgraph=partition/LJ/rand-stream//livejournal_homo_26.eb.hiob.2.part
	isvertexbalance=1
	htype=2
	wtype=0
	edgecuts=1
	scoretype=1
	usefennel=0
	iocpufactor=0.000000
	gama=0.000000

src/core/graphknife.cpp(Start:221): vertexnum=4846609 edgenum=85702474

src/core/graphknife.cpp(Start:269): Partition Processing costs 41.586942s
src/util/filereader.cpp(GetCutsRatio:340): Edge Balacne factor (with in/out edge): 2.000604
src/core/graphknife.cpp(Start:290): edgenum = 85702474, edgenum_ = 85702474
Detailed edge-cut info:
0 66450 72925 68771 65736 73141 73898 63398 75524 91656 77396 70880 70429 73895 84184 104887 72812 74048 69414 73828 111721 75270 83712 62916 75416 68367 
66450 0 117210 189708 52451 73798 58193 225673 55729 95664 79228 54131 80646 56003 69611 55970 52764 82812 127676 63590 59288 57249 132471 46266 57812 53459 
72925 117210 0 93365 57465 74935 65791 136905 60284 90563 92345 60664 65766 63080 86432 57350 61090 106071 86019 66704 59028 56070 126377 57563 61300 63728 
68771 189708 93365 0 45032 70494 59518 191029 50220 99839 117551 51877 82865 57931 66238 67208 52842 66377 102293 63273 61178 46883 148265 47949 56197 53537 
65736 52451 57465 45032 0 67272 69865 39240 85689 61879 56705 92201 82722 79325 62858 79969 81039 69867 69270 86022 83263 93065 57511 78687 77252 82611 
73141 73798 74935 70494 67272 0 75723 73713 74686 80367 76901 71922 70812 74501 71471 69102 71032 85832 72265 74315 83547 73150 86419 61688 69787 67501 
73898 58193 65791 59518 69865 75723 0 64529 78686 76543 67992 77777 79477 73404 67097 65951 72186 68682 71680 77208 84640 72895 72586 81250 94191 74774 
63398 225673 136905 191029 39240 73713 64529 0 48851 132272 141430 47958 63600 71937 83101 46450 50419 102937 127489 64493 50833 42559 197815 36880 54434 42018 
75524 55729 60284 50220 85689 74686 78686 48851 0 69723 55604 87982 78463 88220 64240 81312 85427 86452 75427 81785 85073 91837 62702 71048 80106 86426 
91656 95664 90563 99839 61879 80367 76543 132272 69723 0 97433 71330 79377 75991 73772 76353 72129 92169 87183 75670 75895 71268 115466 76461 69637 67042 
77396 79228 92345 117551 56705 76901 67992 141430 55604 97433 0 54469 63252 64423 71934 65011 59702 91691 73661 64937 57652 57749 143372 51846 60756 53316 
70880 54131 60664 51877 92201 71922 77777 47958 87982 71330 54469 0 90062 77762 67570 87501 87615 72542 68163 87171 88432 98018 64523 80606 78306 83504 
70429 80646 65766 82865 82722 70812 79477 63600 78463 79377 63252 90062 0 83598 67760 82287 86992 76420 79381 79365 82580 84723 80467 96920 72811 90918 
73895 56003 63080 57931 79325 74501 73404 71937 88220 75991 64423 77762 83598 0 71246 68348 80622 70039 71176 80917 81952 83241 66562 75895 79813 75535 
84184 69611 86432 66238 62858 71471 67097 83101 64240 73772 71934 67570 67760 71246 0 59600 69122 90326 74319 69704 77688 67839 84528 58983 66004 69122 
104887 55970 57350 67208 79969 69102 65951 46450 81312 76353 65011 87501 82287 68348 59600 0 79998 66315 69276 76675 75207 81998 61410 67284 75695 73751 
72812 52764 61090 52842 81039 71032 72186 50419 85427 72129 59702 87615 86992 80622 69122 79998 0 73284 70796 82997 80699 83546 63858 92835 78321 90884 
74048 82812 106071 66377 69867 85832 68682 102937 86452 92169 91691 72542 76420 70039 90326 66315 73284 0 73347 79987 80088 72788 98040 83380 68423 64131 
69414 127676 86019 102293 69270 72265 71680 127489 75427 87183 73661 68163 79381 71176 74319 69276 70796 73347 0 73134 70896 69099 103978 62871 71918 67514 
73828 63590 66704 63273 86022 74315 77208 64493 81785 75670 64937 87171 79365 80917 69704 76675 82997 79987 73134 0 83840 84617 77947 84076 89535 82129 
111721 59288 59028 61178 83263 83547 84640 50833 85073 75895 57652 88432 82580 81952 77688 75207 80699 80088 70896 83840 0 84768 70244 64856 86061 70702 
75270 57249 56070 46883 93065 73150 72895 42559 91837 71268 57749 98018 84723 83241 67839 81998 83546 72788 69099 84617 84768 0 59841 108325 78468 88027 
83712 132471 126377 148265 57511 86419 72586 197815 62702 115466 143372 64523 80467 66562 84528 61410 63858 98040 103978 77947 70244 59841 0 55575 68791 55376 
62916 46266 57563 47949 78687 61688 81250 36880 71048 76461 51846 80606 96920 75895 58983 67284 92835 83380 62871 84076 64856 108325 55575 0 69327 173414 
75416 57812 61300 56197 77252 69787 94191 54434 80106 69637 60756 78306 72811 79813 66004 75695 78321 68423 71918 89535 86061 78468 68791 69327 0 72102 
68367 53459 63728 53537 82611 67501 74774 42018 86426 67042 53316 83504 90918 75535 69122 73751 90884 64131 67514 82129 70702 88027 55376 173414 72102 0 
pid 0: ec=1900674 cpucost=3296076.000000
pid 1: ec=2063852 cpucost=3296832.000000
pid 2: ec=1939030 cpucost=3295912.000000
pid 3: ec=2010440 cpucost=3296248.000000
pid 4: ec=1776996 cpucost=3296074.000000
pid 5: ec=1844374 cpucost=3295948.000000
pid 6: ec=1824536 cpucost=3296258.000000
pid 7: ec=2199963 cpucost=3297245.000000
pid 8: ec=1861496 cpucost=3296284.000000
pid 9: ec=2075682 cpucost=3296094.000000
pid 10: ec=1896356 cpucost=3295950.000000
pid 11: ec=1872966 cpucost=3296672.000000
pid 12: ec=1971693 cpucost=3296247.000000
pid 13: ec=1845416 cpucost=3296122.000000
pid 14: ec=1794749 cpucost=3295709.000000
pid 15: ec=1794908 cpucost=3296614.000000
pid 16: ec=1853011 cpucost=3296097.000000
pid 17: ec=1996048 cpucost=3295862.000000
pid 18: ec=1988245 cpucost=3295983.000000
pid 19: ec=1923919 cpucost=3296267.000000
pid 20: ec=1910131 cpucost=3296229.000000
pid 21: ec=1883293 cpucost=3296189.000000
pid 22: ec=2237836 cpucost=3296362.000000
pid 23: ec=1846901 cpucost=3296271.000000
pid 24: ec=1812463 cpucost=3296205.000000
pid 25: ec=1869888 cpucost=3296724.000000
src/core/graphknife.cpp(Start:332): Max Edge Cuts=2237836, Min Edge Cuts=1776996
src/core/graphknife.cpp(Start:333): Get EdgeCuts Ratio costs 294.374602s
src/core/graphknife.cpp(Start:334): EdgeNumber: 85702474, EdgeCuts: 49994866
src/core/graphknife.cpp(Start:335): EdgeCuts ratio= 58.335382%, EdgeCuts ratio2= 58.335382%
src/core/graphknife.cpp(Start:336): Vertex_BF= 1.101937, VCPULoad_BF= 1.101937
src/core/graphknife.cpp(Start:337): Edge_BF= 1.000302, ECPULoad_BF= 1.000302
src/core/graphknife.cpp(Start:338): TotalMinIoCost= 49994866.000000[remap=false]
src/core/graphknife.cpp(Start:339): MaxVertexCpuCost= 205410.000000, MaxEdgeCpuCost= 3297245.000000
src/core/graphknife.cpp(Start:340): MaxIoCost = 2237836.000000, MinIoCosst=1776996.000000, bf=1.259337
src/core/graphknife.cpp(Start:341): MaxVertexTotalMixCost= 2420844.000000, MaxEdgeTotalMixCost= 5534198.000000
