src/core/graphknife.cpp(ProcessOptions:185): Options:
	graphpath=/home/hadoop/simon/dataset/LJ/soc-LiveJournal.undir.elist.rand
	config=config/homo_26
	npart=26
	haspartitioned=1
	partitionedgraph=partition/LJ/rand-stream//livejournal_homo_26.eb.hiob.5.fc7.gama2.part
	isvertexbalance=1
	htype=2
	wtype=0
	edgecuts=1
	scoretype=1
	usefennel=0
	iocpufactor=0.000000
	gama=0.000000

src/core/graphknife.cpp(Start:221): vertexnum=4846609 edgenum=85702474

src/core/graphknife.cpp(Start:269): Partition Processing costs 42.003084s
src/util/filereader.cpp(GetCutsRatio:340): Edge Balacne factor (with in/out edge): 2.000559
src/core/graphknife.cpp(Start:290): edgenum = 85702474, edgenum_ = 85702474
Detailed edge-cut info:
0 103334 118348 116474 107103 90275 112500 103092 114595 111921 107826 116379 112042 96830 111758 105573 102493 101595 106599 109231 103962 112241 116804 107030 115175 99373 
103334 0 114073 109704 107376 120308 103025 110957 107398 111376 109004 110143 106478 110290 106518 109039 103088 129055 102731 111027 108986 111748 111819 102824 109798 139145 
118348 114073 0 108409 106180 79206 106123 97469 115304 106265 105803 122351 108056 87842 110274 105475 107612 93773 104963 127521 102771 107105 113515 108014 109272 99304 
116474 109704 108409 0 114366 96711 107197 108390 127232 117505 112422 117079 116070 98205 121817 114280 109880 97052 122604 115456 102950 114674 115904 109846 119027 101286 
107103 107376 106180 114366 0 120546 102459 106830 113436 111098 109510 111121 109370 104452 116399 121871 104913 101950 119588 108837 106694 123527 115092 103410 116722 99447 
90275 120308 79206 96711 120546 0 73522 169366 88486 81642 91722 80213 80177 223608 81003 94848 96600 239451 80960 83066 128184 96928 95194 83666 96209 109388 
112500 103025 106123 107197 102459 73522 0 93482 108933 116332 111453 117829 103901 95149 112793 109169 102412 83192 121180 109190 111667 115180 113046 107479 110969 91221 
103092 110957 97469 108390 106830 169366 93482 0 107226 102887 107784 104702 97249 181208 103276 108813 101470 179299 101048 104422 118514 108185 112775 95394 111047 115281 
114595 107398 115304 127232 113436 88486 108933 107226 0 118602 115939 120818 115648 99110 118043 111345 111249 96594 110374 121950 108038 118247 133333 103964 123060 105035 
111921 111376 106265 117505 111098 81642 116332 102887 118602 0 112777 116744 116549 90318 117694 116600 105585 88591 110742 114376 100767 116799 114547 107676 118794 99212 
107826 109004 105803 112422 109510 91722 111453 107784 115939 112777 0 117731 127673 106776 112390 108781 109029 97897 108834 113057 103428 112742 117608 103995 118776 104586 
116379 110143 122351 117079 111121 80213 117829 104702 120818 116744 117731 0 133070 91593 114689 113316 111583 90381 110755 149392 104259 112615 116651 112940 119925 104161 
112042 106478 108056 116070 109370 80177 103901 97249 115648 116549 127673 133070 0 91456 115418 111027 108365 90526 101492 110533 99299 119709 115075 104905 116694 97202 
96830 110290 87842 98205 104452 223608 95149 181208 99110 90318 106776 91593 91456 0 91939 106456 105956 220933 102399 97169 126842 106722 99548 87144 105285 115755 
111758 106518 110274 121817 116399 81003 112793 103276 118043 117694 112390 114689 115418 91939 0 116444 112531 89468 113858 111372 102668 115217 117743 108260 121933 98740 
105573 109039 105475 114280 121871 94848 109169 108813 111345 116600 108781 113316 111027 106456 116444 0 112018 103598 103815 113003 112089 114288 117148 109519 116268 108896 
102493 103088 107612 109880 104913 96600 102412 101470 111249 105585 109029 111583 108365 105956 112531 112018 0 101716 103386 116620 93850 108219 109768 98995 108911 101949 
101595 129055 93773 97052 101950 239451 83192 179299 96594 88591 97897 90381 90526 220933 89468 103598 101716 0 89365 96675 136590 96067 99901 86846 105124 123246 
106599 102731 104963 122604 119588 80960 121180 101048 110374 110742 108834 110755 101492 102399 113858 103815 103386 89365 0 104893 101563 109359 111019 138819 108388 95358 
109231 111027 127521 115456 108837 83066 109190 104422 121950 114376 113057 149392 110533 97169 111372 113003 116620 96675 104893 0 101571 114984 118300 106418 117074 106437 
103962 108986 102771 102950 106694 128184 111667 118514 108038 100767 103428 104259 99299 126842 102668 112089 93850 136590 101563 101571 0 105132 111772 99251 110958 99288 
112241 111748 107105 114674 123527 96928 115180 108185 118247 116799 112742 112615 119709 106722 115217 114288 108219 96067 109359 114984 105132 0 116701 105689 116642 100862 
116804 111819 113515 115904 115092 95194 113046 112775 133333 114547 117608 116651 115075 99548 117743 117148 109768 99901 111019 118300 111772 116701 0 106535 121752 102773 
107030 102824 108014 109846 103410 83666 107479 95394 103964 107676 103995 112940 104905 87144 108260 109519 98995 86846 138819 106418 99251 105689 106535 0 106514 106704 
115175 109798 109272 119027 116722 96209 110969 111047 123060 118794 118776 119925 116694 105285 121933 116268 108911 105124 108388 117074 110958 116642 121752 106514 0 104356 
99373 139145 99304 101286 99447 109388 91221 115281 105035 99212 104586 104161 97202 115755 98740 108896 101949 123246 95358 106437 99288 100862 102773 106704 104356 0 
pid 0: ec=2702553 cpucost=3296159.000000
pid 1: ec=2769244 cpucost=3296178.000000
pid 2: ec=2665028 cpucost=3296176.000000
pid 3: ec=2794540 cpucost=3296158.000000
pid 4: ec=2762297 cpucost=3296379.000000
pid 5: ec=2681279 cpucost=3297171.000000
pid 6: ec=2639403 cpucost=3296177.000000
pid 7: ec=2850166 cpucost=3296154.000000
pid 8: ec=2813959 cpucost=3296143.000000
pid 9: ec=2725399 cpucost=3296145.000000
pid 10: ec=2747543 cpucost=3296169.000000
pid 11: ec=2820440 cpucost=3296210.000000
pid 12: ec=2707984 cpucost=3296166.000000
pid 13: ec=2842985 cpucost=3296165.000000
pid 14: ec=2742245 cpucost=3296167.000000
pid 15: ec=2763679 cpucost=3296147.000000
pid 16: ec=2648198 cpucost=3296190.000000
pid 17: ec=2838885 cpucost=3296661.000000
pid 18: ec=2684092 cpucost=3296146.000000
pid 19: ec=2782574 cpucost=3296358.000000
pid 20: ec=2701093 cpucost=3296225.000000
pid 21: ec=2779582 cpucost=3296150.000000
pid 22: ec=2824323 cpucost=3296253.000000
pid 23: ec=2611837 cpucost=3296273.000000
pid 24: ec=2828673 cpucost=3296205.000000
pid 25: ec=2629005 cpucost=3296149.000000
src/core/graphknife.cpp(Start:332): Max Edge Cuts=2850166, Min Edge Cuts=2611837
src/core/graphknife.cpp(Start:333): Get EdgeCuts Ratio costs 356.092092s
src/core/graphknife.cpp(Start:334): EdgeNumber: 85702474, EdgeCuts: 71357006
src/core/graphknife.cpp(Start:335): EdgeCuts ratio= 83.261314%, EdgeCuts ratio2= 83.261314%
src/core/graphknife.cpp(Start:336): Vertex_BF= 1.084610, VCPULoad_BF= 1.084610
src/core/graphknife.cpp(Start:337): Edge_BF= 1.000280, ECPULoad_BF= 1.000280
src/core/graphknife.cpp(Start:338): TotalMinIoCost= 71357006.000000[remap=false]
src/core/graphknife.cpp(Start:339): MaxVertexCpuCost= 202180.000000, MaxEdgeCpuCost= 3297171.000000
src/core/graphknife.cpp(Start:340): MaxIoCost = 2850166.000000, MinIoCosst=2611837.000000, bf=1.091250
src/core/graphknife.cpp(Start:341): MaxVertexTotalMixCost= 3027923.000000, MaxEdgeTotalMixCost= 6146320.000000
