src/core/graphknife.cpp(ProcessOptions:185): Options:
	graphpath=/home/hadoop/simon/dataset/LJ/soc-LiveJournal.undir.elist.rand
	config=config/heter_config_26_11_1030
	npart=26
	haspartitioned=1
	partitionedgraph=partition/LJ/rand-stream//livejournal_heter_config_26_11_1030.eb.hiob.5.fc70.gama1.5.part
	isvertexbalance=1
	htype=2
	wtype=0
	edgecuts=1
	scoretype=1
	usefennel=0
	iocpufactor=0.000000
	gama=0.000000

src/core/graphknife.cpp(Start:221): vertexnum=4846609 edgenum=85702474

src/core/graphknife.cpp(Start:269): Partition Processing costs 42.963686s
src/util/filereader.cpp(GetCutsRatio:340): Edge Balacne factor (with in/out edge): 3.203055
src/core/graphknife.cpp(Start:290): edgenum = 85702474, edgenum_ = 85702474
Detailed edge-cut info:
0 169863 418333 128990 94907 319652 434505 143911 82091 86494 132628 150083 102670 27812 25348 21451 26274 25258 28256 24376 30121 25554 30765 25800 25357 18700 
169863 0 129670 197389 173098 152115 154479 154729 228415 184822 178916 143942 205540 67545 67365 58025 63843 58112 60762 56889 66079 62040 53062 67224 55218 50441 
418333 129670 0 80434 98736 304492 370213 118174 85157 70093 120135 206486 66651 27599 24730 23536 30318 26453 26118 25720 27519 25568 47249 27899 20381 18940 
128990 197389 80434 0 187226 133564 122879 152040 247069 240752 184529 136917 210154 55182 55512 48714 54562 52517 52866 46462 57569 50831 41525 56758 44831 38920 
94907 173098 98736 187226 0 148015 123403 183227 215409 189999 160249 144034 179952 58543 59788 51987 58984 52307 53297 49034 65299 52408 46688 60513 71334 38694 
319652 152115 304492 133564 148015 0 250362 140380 140190 115640 183843 223360 126892 45090 42777 36613 45366 41176 40167 41343 42076 41290 38090 44187 34009 29242 
434505 154479 370213 122879 123403 250362 0 141319 103450 97181 157579 187656 105280 35400 39885 30023 34816 32293 32654 32088 35428 32205 48745 36949 26326 24454 
143911 154729 118174 152040 183227 140380 141319 0 166927 141804 185450 240114 223679 44774 49222 41223 47405 46552 44582 42010 49769 47767 40194 48882 36633 31915 
82091 228415 85157 247069 215409 140190 103450 166927 0 284405 197324 148266 248475 62943 64255 55554 59478 58504 61495 50775 66548 57303 48936 70253 44769 40822 
86494 184822 70093 240752 189999 115640 97181 141804 284405 0 159542 123651 188694 49595 54743 47942 54403 49765 51188 43835 61255 55582 41461 56815 40395 55627 
132628 178916 120135 184529 160249 183843 157579 185450 197324 159542 0 155252 191037 60996 67739 54891 64900 57613 61436 53162 65609 54741 49078 61919 46254 46280 
150083 143942 206486 136917 144034 223360 187656 240114 148266 123651 155252 0 190803 43873 51795 40543 46041 45465 41053 37863 47404 43202 43250 47645 32571 32114 
102670 205540 66651 210154 179952 126892 105280 223679 248475 188694 191037 190803 0 65020 65646 55651 61219 58394 61899 52493 63550 57776 55061 64141 49248 40796 
27812 67545 27599 55182 58543 45090 35400 44774 62943 49595 60996 43873 65020 0 25203 21032 21846 21396 21512 21356 25040 21357 19426 24498 17553 15778 
25348 67365 24730 55512 59788 42777 39885 49222 64255 54743 67739 51795 65646 25203 0 21897 25516 22774 24040 20504 24726 24735 17990 24611 18071 15579 
21451 58025 23536 48714 51987 36613 30023 41223 55554 47942 54891 40543 55651 21032 21897 0 21087 19204 19427 18049 21366 33205 16360 21432 16035 13063 
26274 63843 30318 54562 58984 45366 34816 47405 59478 54403 64900 46041 61219 21846 25516 21087 0 21741 23516 20522 24701 20670 17934 23558 18006 15148 
25258 58112 26453 52517 52307 41176 32293 46552 58504 49765 57613 45465 58394 21396 22774 19204 21741 0 21334 20337 26826 20462 17233 22169 18435 14730 
28256 60762 26118 52866 53297 40167 32654 44582 61495 51188 61436 41053 61899 21512 24040 19427 23516 21334 0 19517 23145 20986 17140 23739 17186 14871 
24376 56889 25720 46462 49034 41343 32088 42010 50775 43835 53162 37863 52493 21356 20504 18049 20522 20337 19517 0 22200 17249 14347 20424 15105 13006 
30121 66079 27519 57569 65299 42076 35428 49769 66548 61255 65609 47404 63550 25040 24726 21366 24701 26826 23145 22200 0 22219 18446 26127 18811 15336 
25554 62040 25568 50831 52408 41290 32205 47767 57303 55582 54741 43202 57776 21357 24735 33205 20670 20462 20986 17249 22219 0 16581 22980 16379 14097 
30765 53062 47249 41525 46688 38090 48745 40194 48936 41461 49078 43250 55061 19426 17990 16360 17934 17233 17140 14347 18446 16581 0 18239 13402 11943 
25800 67224 27899 56758 60513 44187 36949 48882 70253 56815 61919 47645 64141 24498 24611 21432 23558 22169 23739 20424 26127 22980 18239 0 19395 18835 
25357 55218 20381 44831 71334 34009 26326 36633 44769 40395 46254 32571 49248 17553 18071 16035 18006 18435 17186 15105 18811 16379 13402 19395 0 12112 
18700 50441 18940 38920 38694 29242 24454 31915 40822 55627 46280 32114 40796 15778 15579 13063 15148 14730 14871 13006 15336 14097 11943 18835 12112 0 
pid 0: ec=2599199 cpucost=5279033.000000
pid 1: ec=2859583 cpucost=4767499.000000
pid 2: ec=2420604 cpucost=4740884.000000
pid 3: ec=2678192 cpucost=4928930.000000
pid 4: ec=2617131 cpucost=4760323.000000
pid 5: ec=2759931 cpucost=4740033.000000
pid 6: ec=2689572 cpucost=4756240.000000
pid 7: ec=2562682 cpucost=4760634.000000
pid 8: ec=2888813 cpucost=5040013.000000
pid 9: ec=2545683 cpucost=4770649.000000
pid 10: ec=2751102 cpucost=4759354.000000
pid 11: ec=2603383 cpucost=4746005.000000
pid 12: ec=2790721 cpucost=4764437.000000
pid 13: ec=900369 cpucost=1749685.000000
pid 14: ec=934451 cpucost=1750317.000000
pid 15: ec=808310 cpucost=1755374.000000
pid 16: ec=901854 cpucost=1749934.000000
pid 17: ec=851050 cpucost=1752558.000000
pid 18: ec=862186 cpucost=1752126.000000
pid 19: ec=778666 cpucost=1756410.000000
pid 20: ec=947169 cpucost=1749201.000000
pid 21: ec=857187 cpucost=1752883.000000
pid 22: ec=783145 cpucost=1774877.000000
pid 23: ec=934992 cpucost=1749452.000000
pid 24: ec=727816 cpucost=1775554.000000
pid 25: ec=641443 cpucost=1820069.000000
src/core/graphknife.cpp(Start:332): Max Edge Cuts=2888813, Min Edge Cuts=641443
src/core/graphknife.cpp(Start:333): Get EdgeCuts Ratio costs 303.437679s
src/core/graphknife.cpp(Start:334): EdgeNumber: 85702474, EdgeCuts: 45695234
src/core/graphknife.cpp(Start:335): EdgeCuts ratio= 53.318454%, EdgeCuts ratio2= 53.318454%
src/core/graphknife.cpp(Start:336): Vertex_BF= 1.321788, VCPULoad_BF= 1.321788
src/core/graphknife.cpp(Start:337): Edge_BF= 1.601527, ECPULoad_BF= 1.601527
src/core/graphknife.cpp(Start:338): TotalMinIoCost= 832225580.000000[remap=false]
src/core/graphknife.cpp(Start:339): MaxVertexCpuCost= 246392.000000, MaxEdgeCpuCost= 5279033.000000
src/core/graphknife.cpp(Start:340): MaxIoCost = 44327930.000000, MinIoCosst=19243290.000000, bf=2.303553
src/core/graphknife.cpp(Start:341): MaxVertexTotalMixCost= 44547785.000000, MaxEdgeTotalMixCost= 49095429.000000
