src/core/graphknife.cpp(ProcessOptions:185): Options:
	graphpath=/home/hadoop/simon/dataset/LJ/soc-LiveJournal.undir.elist.rand
	config=config/homo_26
	npart=26
	haspartitioned=1
	partitionedgraph=partition/LJ/rand-stream//livejournal_homo_26.eb.hiob.5.fc70.gama1.5.part
	isvertexbalance=1
	htype=2
	wtype=0
	edgecuts=1
	scoretype=1
	usefennel=0
	iocpufactor=0.000000
	gama=0.000000

src/core/graphknife.cpp(Start:221): vertexnum=4846609 edgenum=85702474

src/core/graphknife.cpp(Start:269): Partition Processing costs 42.597711s
src/util/filereader.cpp(GetCutsRatio:340): Edge Balacne factor (with in/out edge): 3.623695
src/core/graphknife.cpp(Start:290): edgenum = 85702474, edgenum_ = 85702474
Detailed edge-cut info:
0 176642 35684 81400 46943 46798 60968 30198 115349 54285 37684 45975 66642 563298 58719 34954 42353 100167 52633 59368 46486 47635 40609 39736 76299 77425 
176642 0 47382 59925 52190 58714 58559 60344 79380 52770 51077 60404 62762 271980 75982 50284 53358 77849 60998 58024 57328 58393 55598 57554 53261 54493 
35684 47382 0 66251 60739 72393 79820 77825 59625 53424 74680 72344 67385 39459 58578 67843 69365 49772 70774 63439 71325 68857 69666 69474 53005 46969 
81400 59925 66251 0 72589 85558 64652 63752 76545 59959 75107 67936 70836 96806 64940 80329 72998 61613 74434 69823 78750 76841 69908 74105 61220 59941 
46943 52190 60739 72589 0 73068 60312 56134 60017 61470 77212 62588 69028 51576 46194 77874 73014 62459 72081 79513 65484 74332 69939 69545 95675 50305 
46798 58714 72393 85558 73068 0 67317 84761 70523 58415 76618 76725 74766 46918 54189 76083 74835 67082 81522 73131 92226 79919 70591 69511 62731 60440 
60968 58559 79820 64652 60312 67317 0 59556 63384 53272 71831 58097 64790 91174 53976 66868 72995 63623 67265 61092 76987 69611 71685 71299 55007 49241 
30198 60344 77825 63752 56134 84761 59556 0 63379 52089 61962 148559 72890 53082 58801 60195 65667 51364 61608 65433 82657 65047 74210 88585 51839 42143 
115349 79380 59625 76545 60017 70523 63384 63379 0 57742 64538 59905 65903 231830 64919 63752 66873 67377 73371 63151 69982 67351 64697 64567 55524 53559 
54285 52770 53424 59959 61470 58415 53272 52089 57742 0 65680 62147 62850 69015 53115 80631 65607 55309 62955 63658 67553 69650 60505 64246 55414 62018 
37684 51077 74680 75107 77212 76618 71831 61962 64538 65680 0 70485 76294 39234 60033 96164 87891 68667 80163 75763 70941 86635 72361 85118 66941 57599 
45975 60404 72344 67936 62588 76725 58097 148559 59905 62147 70485 0 96163 65786 58809 66941 70483 56042 67674 61870 70713 76157 79434 90390 55084 44518 
66642 62762 67385 70836 69028 74766 64790 72890 65903 62850 76294 96163 0 74169 58214 75508 78799 62324 71694 68683 65588 77492 76907 79067 68612 55150 
563298 271980 39459 96806 51576 46918 91174 53082 231830 69015 39234 65786 74169 0 83351 29762 45941 254003 67294 64029 53418 44291 60957 85392 46519 112498 
58719 75982 58578 64940 46194 54189 53976 58801 64919 53115 60033 58809 58214 83351 0 68863 61435 47203 56538 57088 66528 60244 72193 61762 50832 45414 
34954 50284 67843 80329 77874 76083 66868 60195 63752 80631 96164 66941 75508 29762 68863 0 86818 61595 83011 78076 74446 89478 77977 82809 68147 55142 
42353 53358 69365 72998 73014 74835 72995 65667 66873 65607 87891 70483 78799 45941 61435 86818 0 68949 81108 74495 82801 82909 76604 78824 66944 56751 
100167 77849 49772 61613 62459 67082 63623 51364 67377 55309 68667 56042 62324 254003 47203 61595 68949 0 65526 61472 61217 66390 59240 65821 52095 56714 
52633 60998 70774 74434 72081 81522 67265 61608 73371 62955 80163 67674 71694 67294 56538 83011 81108 65526 0 73123 87043 85680 68794 74533 66032 55949 
59368 58024 63439 69823 79513 73131 61092 65433 63151 63658 75763 61870 68683 64029 57088 78076 74495 61472 73123 0 70796 75699 69955 75841 63074 48100 
46486 57328 71325 78750 65484 92226 76987 82657 69982 67553 70941 70713 65588 53418 66528 74446 82801 61217 87043 70796 0 76540 71176 67829 62531 54633 
47635 58393 68857 76841 74332 79919 69611 65047 67351 69650 86635 76157 77492 44291 60244 89478 82909 66390 85680 75699 76540 0 74343 82972 67255 52043 
40609 55598 69666 69908 69939 70591 71685 74210 64697 60505 72361 79434 76907 60957 72193 77977 76604 59240 68794 69955 71176 74343 0 74218 58210 49784 
39736 57554 69474 74105 69545 69511 71299 88585 64567 64246 85118 90390 79067 85392 61762 82809 78824 65821 74533 75841 67829 82972 74218 0 65485 53474 
76299 53261 53005 61220 95675 62731 55007 51839 55524 55414 66941 55084 68612 46519 50832 68147 66944 52095 66032 63074 62531 67255 58210 65485 0 45880 
77425 54493 46969 59941 50305 60440 49241 42143 53559 62018 57599 44518 55150 112498 45414 55142 56751 56714 55949 48100 54633 52043 49784 53474 45880 0 
pid 0: ec=2038250 cpucost=3854398.000000
pid 1: ec=1805251 cpucost=3155575.000000
pid 2: ec=1566078 cpucost=3154522.000000
pid 3: ec=1786218 cpucost=3156038.000000
pid 4: ec=1640281 cpucost=3155405.000000
pid 5: ec=1754834 cpucost=3184742.000000
pid 6: ec=1633381 cpucost=3155303.000000
pid 7: ec=1652080 cpucost=3226106.000000
pid 8: ec=1843243 cpucost=3154375.000000
pid 9: ec=1523779 cpucost=3154097.000000
pid 10: ec=1750678 cpucost=3155634.000000
pid 11: ec=1745229 cpucost=3156085.000000
pid 12: ec=1762516 cpucost=3154580.000000
pid 13: ec=2641782 cpucost=5972300.000000
pid 14: ec=1497920 cpucost=3171202.000000
pid 15: ec=1753550 cpucost=3160614.000000
pid 16: ec=1757817 cpucost=3154869.000000
pid 17: ec=1763873 cpucost=3154011.000000
pid 18: ec=1761803 cpucost=3156687.000000
pid 19: ec=1674696 cpucost=3156178.000000
pid 20: ec=1744978 cpucost=3184060.000000
pid 21: ec=1775764 cpucost=3157968.000000
pid 22: ec=1689561 cpucost=3154237.000000
pid 23: ec=1792157 cpucost=3155249.000000
pid 24: ec=1523616 cpucost=3154464.000000
pid 25: ec=1400183 cpucost=3153775.000000
src/core/graphknife.cpp(Start:332): Max Edge Cuts=2641782, Min Edge Cuts=1400183
src/core/graphknife.cpp(Start:333): Get EdgeCuts Ratio costs 288.918870s
src/core/graphknife.cpp(Start:334): EdgeNumber: 85702474, EdgeCuts: 45279518
src/core/graphknife.cpp(Start:335): EdgeCuts ratio= 52.833385%, EdgeCuts ratio2= 52.833385%
src/core/graphknife.cpp(Start:336): Vertex_BF= 1.494329, VCPULoad_BF= 1.494329
src/core/graphknife.cpp(Start:337): Edge_BF= 1.811847, ECPULoad_BF= 1.811847
src/core/graphknife.cpp(Start:338): TotalMinIoCost= 45279518.000000[remap=false]
src/core/graphknife.cpp(Start:339): MaxVertexCpuCost= 278555.000000, MaxEdgeCpuCost= 5972300.000000
src/core/graphknife.cpp(Start:340): MaxIoCost = 2641782.000000, MinIoCosst=1400183.000000, bf=1.886741
src/core/graphknife.cpp(Start:341): MaxVertexTotalMixCost= 2686308.000000, MaxEdgeTotalMixCost= 8614082.000000
