src/core/graphknife.cpp(ProcessOptions:185): Options:
	graphpath=/home/hadoop/simon/dataset/LJ/soc-LiveJournal.undir.elist.rand
	config=config/heter_config_26_11_1030
	npart=26
	haspartitioned=1
	partitionedgraph=partition/LJ/rand-stream//livejournal_heter_config_26_11_1030.eb.hiob.3.part
	isvertexbalance=1
	htype=2
	wtype=0
	edgecuts=1
	scoretype=1
	usefennel=0
	iocpufactor=0.000000
	gama=0.000000

src/core/graphknife.cpp(Start:221): vertexnum=4846609 edgenum=85702474

src/core/graphknife.cpp(Start:269): Partition Processing costs 44.228154s
src/util/filereader.cpp(GetCutsRatio:340): Edge Balacne factor (with in/out edge): 2.856483
src/core/graphknife.cpp(Start:290): edgenum = 85702474, edgenum_ = 85702474
Detailed edge-cut info:
0 134763 186544 206655 143974 164460 165273 185866 167653 194143 177872 153249 159657 50026 48111 77112 58840 55144 54084 57124 48012 56855 64444 53464 63225 62399 
134763 0 157722 156272 142081 132592 147623 128850 126252 169202 204673 139895 133502 36995 36220 30548 38642 43793 38420 42529 33180 56893 47723 36192 37079 44329 
186544 157722 0 139841 79785 117306 168642 107394 116022 389792 390679 88143 88559 28064 26219 23895 30450 34371 30987 29453 25428 34691 35318 43309 29149 36165 
206655 156272 139841 0 159119 190262 171857 215516 179237 171455 169748 165767 193148 48145 52148 49026 61568 53763 56026 60343 49842 57296 63996 54231 51289 55779 
143974 142081 79785 159119 0 182171 124941 184794 209688 80929 42280 212194 216053 51777 49304 51358 63582 64853 59832 60237 45856 51605 64404 52727 52452 60101 
164460 132592 117306 190262 182171 0 136006 183556 184745 127336 92993 169032 187400 50458 51598 45702 58057 60738 57699 59156 51151 53047 66370 52210 50430 62297 
165273 147623 168642 171857 124941 136006 0 142296 152009 239459 346244 148908 143103 40506 40521 38521 43360 43442 43432 43870 35928 45041 48470 43921 38096 43372 
185866 128850 107394 215516 184794 183556 142296 0 192219 106384 98064 174198 178475 64832 56905 49749 67142 62147 61701 67328 54077 62277 77366 57980 59563 66731 
167653 126252 116022 179237 209688 184745 152009 192219 0 98358 60215 247498 209971 55603 50254 51227 65432 80471 67128 62417 49894 60663 69293 73026 56229 69495 
194143 169202 389792 171455 80929 127336 239459 106384 98358 0 514051 84903 99048 26985 33456 25524 30885 30331 31439 32724 24559 36885 33916 31943 28430 27741 
177872 204673 390679 169748 42280 92993 346244 98064 60215 514051 0 45558 63524 17729 18775 17500 17969 23664 19658 17209 16247 23610 23114 15875 19121 19030 
153249 139895 88143 165767 212194 169032 148908 174198 247498 84903 45558 0 208600 45713 50163 49230 64793 61948 54541 61166 43424 57858 61926 67808 54611 67166 
159657 133502 88559 193148 216053 187400 143103 178475 209971 99048 63524 208600 0 53256 56599 48500 61170 62553 63736 62468 44763 76648 67996 61082 55619 64280 
50026 36995 28064 48145 51777 50458 40506 64832 55603 26985 17729 45713 53256 0 20039 19422 23946 21066 24758 25924 19636 22823 25430 19061 24196 24081 
48111 36220 26219 52148 49304 51598 40521 56905 50254 33456 18775 50163 56599 20039 0 17284 24774 22546 22185 26348 40831 22400 26180 22507 25268 24829 
77112 30548 23895 49026 51358 45702 38521 49749 51227 25524 17500 49230 48500 19422 17284 0 21046 19827 19206 20718 16349 19901 23140 17328 20695 20184 
58840 38642 30450 61568 63582 58057 43360 67142 65432 30885 17969 64793 61170 23946 24774 21046 0 28313 28683 29532 21585 26234 32881 25458 30196 31627 
55144 43793 34371 53763 64853 60738 43442 62147 80471 30331 23664 61948 62553 21066 22546 19827 28313 0 26244 26176 20686 24930 30659 24673 25625 27657 
54084 38420 30987 56026 59832 57699 43432 61701 67128 31439 19658 54541 63736 24758 22185 19206 28683 26244 0 26846 22510 24392 28285 25989 26501 32124 
57124 42529 29453 60343 60237 59156 43870 67328 62417 32724 17209 61166 62468 25924 26348 20718 29532 26176 26846 0 22497 24046 32214 27836 28630 28425 
48012 33180 25428 49842 45856 51151 35928 54077 49894 24559 16247 43424 44763 19636 40831 16349 21585 20686 22510 22497 0 21908 25242 20363 21851 23554 
56855 56893 34691 57296 51605 53047 45041 62277 60663 36885 23610 57858 76648 22823 22400 19901 26234 24930 24392 24046 21908 0 29568 36168 24184 25923 
64444 47723 35318 63996 64404 66370 48470 77366 69293 33916 23114 61926 67996 25430 26180 23140 32881 30659 28285 32214 25242 29568 0 28035 30067 30227 
53464 36192 43309 54231 52727 52210 43921 57980 73026 31943 15875 67808 61082 19061 22507 17328 25458 24673 25989 27836 20363 36168 28035 0 26924 24515 
63225 37079 29149 51289 52452 50430 38096 59563 56229 28430 19121 54611 55619 24196 25268 20695 30196 25625 26501 28630 21851 24184 30067 26924 0 27356 
62399 44329 36165 55779 60101 62297 43372 66731 69495 27741 19030 67166 64280 24081 24829 20184 31627 27657 32124 28425 23554 25923 30227 24515 27356 0 
pid 0: ec=2788949 cpucost=4497493.000000
pid 1: ec=2295970 cpucost=4504104.000000
pid 2: ec=2437928 cpucost=4569950.000000
pid 3: ec=2832329 cpucost=4519493.000000
pid 4: ec=2506097 cpucost=4562655.000000
pid 5: ec=2586772 cpucost=4518936.000000
pid 6: ec=2634841 cpucost=4503529.000000
pid 7: ec=2705410 cpucost=4517710.000000
pid 8: ec=2754999 cpucost=4522501.000000
pid 9: ec=2669878 cpucost=4574204.000000
pid 10: ec=2455402 cpucost=4707840.000000
pid 11: ec=2578292 cpucost=4572482.000000
pid 12: ec=2659710 cpucost=4556764.000000
pid 13: ec=840471 cpucost=2043275.000000
pid 14: ec=865464 cpucost=2036532.000000
pid 15: ec=792992 cpucost=2054560.000000
pid 16: ec=986165 cpucost=2042139.000000
pid 17: ec=975620 cpucost=2040094.000000
pid 18: ec=946406 cpucost=2039808.000000
pid 19: ec=975216 cpucost=2042950.000000
pid 20: ec=799373 cpucost=2038505.000000
pid 21: ec=975846 cpucost=2044854.000000
pid 22: ec=1066264 cpucost=2042422.000000
pid 23: ec=942625 cpucost=2042913.000000
pid 24: ec=906786 cpucost=2066478.000000
pid 25: ec=999387 cpucost=2040283.000000
src/core/graphknife.cpp(Start:332): Max Edge Cuts=2832329, Min Edge Cuts=792992
src/core/graphknife.cpp(Start:333): Get EdgeCuts Ratio costs 308.925691s
src/core/graphknife.cpp(Start:334): EdgeNumber: 85702474, EdgeCuts: 45979192
src/core/graphknife.cpp(Start:335): EdgeCuts ratio= 53.649784%, EdgeCuts ratio2= 53.649784%
src/core/graphknife.cpp(Start:336): Vertex_BF= 1.371320, VCPULoad_BF= 1.371320
src/core/graphknife.cpp(Start:337): Edge_BF= 1.428242, ECPULoad_BF= 1.428242
src/core/graphknife.cpp(Start:338): TotalMinIoCost= 864645840.000000[remap=false]
src/core/graphknife.cpp(Start:339): MaxVertexCpuCost= 255625.000000, MaxEdgeCpuCost= 4707840.000000
src/core/graphknife.cpp(Start:340): MaxIoCost = 43772630.000000, MinIoCosst=23789760.000000, bf=1.839978
src/core/graphknife.cpp(Start:341): MaxVertexTotalMixCost= 44002574.000000, MaxEdgeTotalMixCost= 48295131.000000
