src/core/graphknife.cpp(ProcessOptions:185): Options:
	graphpath=/home/hadoop/simon/dataset/LJ/soc-LiveJournal.undir.elist.rand
	config=config/heter_config_26_11_1030
	npart=26
	haspartitioned=1
	partitionedgraph=partition/LJ/rand-stream//livejournal_heter_config_26_11_1030.eb.hiob.5.fc7.gama2.part
	isvertexbalance=1
	htype=2
	wtype=0
	edgecuts=1
	scoretype=1
	usefennel=0
	iocpufactor=0.000000
	gama=0.000000

src/core/graphknife.cpp(Start:221): vertexnum=4846609 edgenum=85702474

src/core/graphknife.cpp(Start:269): Partition Processing costs 42.844080s
src/util/filereader.cpp(GetCutsRatio:340): Edge Balacne factor (with in/out edge): 2.000811
src/core/graphknife.cpp(Start:290): edgenum = 85702474, edgenum_ = 85702474
Detailed edge-cut info:
0 116364 233808 132373 135570 277693 147740 173961 275711 68915 73582 66739 112433 29811 29600 29146 28225 27376 27230 33193 31365 28357 29100 28474 27859 27919 
116364 0 113429 115657 152601 111765 153114 127699 130870 126162 119005 102956 131334 74863 66193 70079 74701 69101 71131 73999 73399 67978 70980 70128 71904 71313 
233808 113429 0 103613 126058 282897 108026 146528 230823 79083 73010 84043 120348 42758 39464 44137 39958 39942 40157 59868 41307 38034 58320 40856 38804 41886 
132373 115657 103613 0 133704 112932 136529 124982 113457 139390 115895 98095 118010 71053 66815 70766 68729 68918 67452 77109 69927 66600 68314 67010 63897 71080 
135570 152601 126058 133704 0 130398 153007 141921 138743 133327 135335 121421 156007 79800 71101 74563 79302 77039 77243 79566 78998 75102 76359 72535 78139 78019 
277693 111765 282897 112932 130398 0 116310 156335 333592 69373 77409 71242 120162 33487 32159 31751 30922 31101 31452 34750 32077 30970 36086 32305 31305 33809 
147740 153114 108026 136529 153007 116310 0 152043 122591 137229 114785 104341 119766 70997 65889 75763 71940 75839 69719 72255 74455 66922 68980 70089 68905 74851 
173961 127699 146528 124982 141921 156335 152043 0 166624 119925 108227 102105 133245 67195 61704 67751 67315 71858 64162 68071 66538 64352 65635 63463 66062 69274 
275711 130870 230823 113457 138743 333592 122591 166624 0 85133 84281 86033 122469 46108 41229 42874 42277 46557 41172 45308 45069 39751 42884 41627 40995 42035 
68915 126162 79083 139390 133327 69373 137229 119925 85133 0 125514 107257 132783 76475 76517 83208 76403 78869 78049 80942 79765 83527 75723 77428 74912 87638 
73582 119005 73010 115895 135335 77409 114785 108227 84281 125514 0 146984 127237 77943 68750 72793 73103 72550 75790 73937 74373 73651 74930 70047 73903 75577 
66739 102956 84043 98095 121421 71242 104341 102105 86033 107257 146984 0 152348 54820 51775 52479 55718 85568 58124 54536 57431 69617 58065 50624 55091 55270 
112433 131334 120348 118010 156007 120162 119766 133245 122469 132783 127237 152348 0 60536 54407 57028 71380 60638 59619 60975 59237 58644 60952 55714 55208 57233 
29811 74863 42758 71053 79800 33487 70997 67195 46108 76475 77943 54820 60536 0 84877 93189 90799 92829 91815 90253 92440 85961 86169 89780 86259 99527 
29600 66193 39464 66815 71101 32159 65889 61704 41229 76517 68750 51775 54407 84877 0 83735 81658 84151 84549 85944 88345 82083 83553 84931 84991 86981 
29146 70079 44137 70766 74563 31751 75763 67751 42874 83208 72793 52479 57028 93189 83735 0 89034 89954 92735 94099 92778 88665 83733 86095 85021 95866 
28225 74701 39958 68729 79302 30922 71940 67315 42277 76403 73103 55718 71380 90799 81658 89034 0 91685 88326 88290 92143 84168 80956 84206 81321 91230 
27376 69101 39942 68918 77039 31101 75839 71858 46557 78869 72550 85568 60638 92829 84151 89954 91685 0 92708 87937 92184 85962 84244 87724 85184 96738 
27230 71131 40157 67452 77243 31452 69719 64162 41172 78049 75790 58124 59619 91815 84549 92735 88326 92708 0 95038 92366 88950 86581 91233 88133 95655 
33193 73999 59868 77109 79566 34750 72255 68071 45308 80942 73937 54536 60975 90253 85944 94099 88290 87937 95038 0 94259 86473 87300 87886 85305 95692 
31365 73399 41307 69927 78998 32077 74455 66538 45069 79765 74373 57431 59237 92440 88345 92778 92143 92184 92366 94259 0 88434 84605 89233 88828 95171 
28357 67978 38034 66600 75102 30970 66922 64352 39751 83527 73651 69617 58644 85961 82083 88665 84168 85962 88950 86473 88434 0 80728 82372 86789 89791 
29100 70980 58320 68314 76359 36086 68980 65635 42884 75723 74930 58065 60952 86169 83553 83733 80956 84244 86581 87300 84605 80728 0 84968 78530 84821 
28474 70128 40856 67010 72535 32305 70089 63463 41627 77428 70047 50624 55714 89780 84931 86095 84206 87724 91233 87886 89233 82372 84968 0 84534 91358 
27859 71904 38804 63897 78139 31305 68905 66062 40995 74912 73903 55091 55208 86259 84991 85021 81321 85184 88133 85305 88828 86789 78530 84534 0 88823 
27919 71313 41886 71080 78019 33809 74851 69274 42035 87638 75577 55270 57233 99527 86981 95866 91230 96738 95655 95692 95171 89791 84821 91358 88823 0 
pid 0: ec=2192544 cpucost=3296726.000000
pid 1: ec=2426725 cpucost=3296533.000000
pid 2: ec=2267157 cpucost=3296637.000000
pid 3: ec=2342307 cpucost=3296473.000000
pid 4: ec=2655858 cpucost=3296396.000000
pid 5: ec=2282282 cpucost=3297540.000000
pid 6: ec=2492085 cpucost=3296461.000000
pid 7: ec=2516975 cpucost=3296453.000000
pid 8: ec=2448213 cpucost=3297585.000000
pid 9: ec=2353547 cpucost=3296535.000000
pid 10: ec=2258611 cpucost=3296579.000000
pid 11: ec=2002682 cpucost=3296540.000000
pid 12: ec=2317713 cpucost=3296587.000000
pid 13: ec=1869744 cpucost=3295800.000000
pid 14: ec=1741401 cpucost=3295923.000000
pid 15: ec=1847242 cpucost=3295746.000000
pid 16: ec=1823789 cpucost=3295765.000000
pid 17: ec=1876656 cpucost=3295852.000000
pid 18: ec=1849389 cpucost=3295701.000000
pid 19: ec=1892985 cpucost=3295799.000000
pid 20: ec=1874727 cpucost=3295777.000000
pid 21: ec=1793881 cpucost=3296081.000000
pid 22: ec=1792516 cpucost=3295696.000000
pid 23: ec=1784620 cpucost=3295746.000000
pid 24: ec=1770702 cpucost=3295766.000000
pid 25: ec=1897557 cpucost=3295777.000000
src/core/graphknife.cpp(Start:332): Max Edge Cuts=2655858, Min Edge Cuts=1741401
src/core/graphknife.cpp(Start:333): Get EdgeCuts Ratio costs 308.637410s
src/core/graphknife.cpp(Start:334): EdgeNumber: 85702474, EdgeCuts: 54371908
src/core/graphknife.cpp(Start:335): EdgeCuts ratio= 63.442635%, EdgeCuts ratio2= 63.442635%
src/core/graphknife.cpp(Start:336): Vertex_BF= 1.839395, VCPULoad_BF= 1.839395
src/core/graphknife.cpp(Start:337): Edge_BF= 1.000405, ECPULoad_BF= 1.000405
src/core/graphknife.cpp(Start:338): TotalMinIoCost= 1221061000.000000[remap=false]
src/core/graphknife.cpp(Start:339): MaxVertexCpuCost= 342878.000000, MaxEdgeCpuCost= 3297585.000000
src/core/graphknife.cpp(Start:340): MaxIoCost = 56926710.000000, MinIoCosst=29478540.000000, bf=1.931124
src/core/graphknife.cpp(Start:341): MaxVertexTotalMixCost= 57238925.000000, MaxEdgeTotalMixCost= 60222487.000000
