src/core/graphknife.cpp(ProcessOptions:185): Options:
	graphpath=/home/hadoop/simon/dataset/LJ/soc-LiveJournal.undir.elist.rand
	config=config/heter_config_26_11_1030
	npart=26
	haspartitioned=1
	partitionedgraph=partition/LJ/rand-stream//livejournal_heter_config_26_11_1030.eb.hiob.5.fc0.7.gama2.part
	isvertexbalance=1
	htype=2
	wtype=0
	edgecuts=1
	scoretype=1
	usefennel=0
	iocpufactor=0.000000
	gama=0.000000

src/core/graphknife.cpp(Start:221): vertexnum=4846609 edgenum=85702474

src/core/graphknife.cpp(Start:269): Partition Processing costs 39.741063s
src/util/filereader.cpp(GetCutsRatio:340): Edge Balacne factor (with in/out edge): 2.000519
src/core/graphknife.cpp(Start:290): edgenum = 85702474, edgenum_ = 85702474
Detailed edge-cut info:
0 175188 168743 162965 168521 153491 154738 168355 174792 172331 154305 161862 165547 68624 69962 68435 77909 67716 68406 64072 67629 66570 66980 68444 66782 65649 
175188 0 168513 155923 183425 152425 190258 167722 189448 178039 178602 179345 170968 65238 64834 64921 63767 64720 64880 70242 64375 62321 62962 72042 64929 61265 
168743 168513 0 162758 169234 157490 166474 169999 170332 171863 164002 176855 166180 69722 70063 69274 65570 69403 69577 64822 70200 69239 70235 69716 67554 67673 
162965 155923 162758 0 165392 154567 145922 172993 155918 167147 152468 158226 149598 67977 69318 70512 64736 68829 69479 61558 68470 67230 68397 68567 67269 65920 
168521 183425 169234 165392 0 153459 204548 172511 192158 170677 169745 177063 176890 63170 62648 64139 58217 63412 62482 60487 64325 61399 62534 63555 62299 61632 
153491 152425 157490 154567 153459 0 148880 167493 157360 161264 140074 159157 200171 66990 66879 67306 63358 66858 67523 63058 66809 65080 67721 66638 65931 66447 
154738 190258 166474 145922 204548 148880 0 166408 221772 168444 234159 171530 221419 52452 54229 52247 50212 52034 52369 49836 53246 50582 51637 53612 50725 51210 
168355 167722 169999 172993 172511 167493 166408 0 171491 179798 164206 184506 169857 72320 72686 73154 68759 72565 73670 65608 72386 70892 70876 71573 70043 69543 
174792 189448 170332 155918 192158 157360 221772 171491 0 172892 200384 182761 195917 58859 60055 59317 55999 59619 59624 53992 59630 58577 58827 58697 58321 57564 
172331 178039 171863 167147 170677 161264 168444 179798 172892 0 162090 174127 168975 72238 73588 72133 69095 72029 72366 65350 71682 70636 71036 71356 70643 70452 
154305 178602 164002 152468 169745 140074 234159 164206 200384 162090 0 163359 207765 55461 55792 55738 53526 55319 55615 51912 55616 54911 54533 54673 66610 54681 
161862 179345 176855 158226 177063 159157 171530 184506 182761 174127 163359 0 171743 66801 67074 68512 62143 66963 66723 60428 66624 65135 66613 66598 64963 64343 
165547 170968 166180 149598 176890 200171 221419 169857 195917 168975 207765 171743 0 60206 61866 61109 58286 59982 60766 57855 59870 58969 59377 60301 59286 59352 
68624 65238 69722 67977 63170 66990 52452 72320 58859 72238 55461 66801 60206 0 124699 120758 116019 119586 120248 105321 120870 121379 120465 120084 119359 116652 
69962 64834 70063 69318 62648 66879 54229 72686 60055 73588 55792 67074 61866 124699 0 124787 119152 126711 128966 113712 125919 125445 127610 123183 126176 121589 
68435 64921 69274 70512 64139 67306 52247 73154 59317 72133 55738 68512 61109 120758 124787 0 119787 122944 122742 109062 123786 124070 124018 122692 122971 117455 
77909 63767 65570 64736 58217 63358 50212 68759 55999 69095 53526 62143 58286 116019 119152 119787 0 116380 120646 105789 116653 114855 118812 114606 117531 112588 
67716 64720 69403 68829 63412 66858 52034 72565 59619 72029 55319 66963 59982 119586 126711 122944 116380 0 125064 108782 122614 122876 120745 123592 120388 116862 
68406 64880 69577 69479 62482 67523 52369 73670 59624 72366 55615 66723 60766 120248 128966 122742 120646 125064 0 110238 123010 125863 124779 125203 124905 120505 
64072 70242 64822 61558 60487 63058 49836 65608 53992 65350 51912 60428 57855 105321 113712 109062 105789 108782 110238 0 109975 109986 113240 123465 108110 108758 
67629 64375 70200 68470 64325 66809 53246 72386 59630 71682 55616 66624 59870 120870 125919 123786 116653 122614 123010 109975 0 121494 122087 123296 121572 117382 
66570 62321 69239 67230 61399 65080 50582 70892 58577 70636 54911 65135 58969 121379 125445 124070 114855 122876 125863 109986 121494 0 120352 123209 123919 118175 
66980 62962 70235 68397 62534 67721 51637 70876 58827 71036 54533 66613 59377 120465 127610 124018 118812 120745 124779 113240 122087 120352 0 125484 119685 120932 
68444 72042 69716 68567 63555 66638 53612 71573 58697 71356 54673 66598 60301 120084 123183 122692 114606 123592 125203 123465 123296 123209 125484 0 120355 117516 
66782 64929 67554 67269 62299 65931 50725 70043 58321 70643 66610 64963 59286 119359 126176 122971 117531 120388 124905 108110 121572 123919 119685 120355 0 119380 
65649 61265 67673 65920 61632 66447 51210 69543 57564 70452 54681 64343 59352 116652 121589 117455 112588 116862 120505 108758 117382 118175 120932 117516 119380 0 
pid 0: ec=2868016 cpucost=3296276.000000
pid 1: ec=2936352 cpucost=3297104.000000
pid 2: ec=2905491 cpucost=3296179.000000
pid 3: ec=2782139 cpucost=3296173.000000
pid 4: ec=2913922 cpucost=3296444.000000
pid 5: ec=2766429 cpucost=3296227.000000
pid 6: ec=2868943 cpucost=3297039.000000
pid 7: ec=2979414 cpucost=3296180.000000
pid 8: ec=2944306 cpucost=3296296.000000
pid 9: ec=2970251 cpucost=3296185.000000
pid 10: ec=2815546 cpucost=3296290.000000
pid 11: ec=2913454 cpucost=3296214.000000
pid 12: ec=2942255 cpucost=3296267.000000
pid 13: ec=2265498 cpucost=3296184.000000
pid 14: ec=2336943 cpucost=3296177.000000
pid 15: ec=2301869 cpucost=3296101.000000
pid 16: ec=2204395 cpucost=3296103.000000
pid 17: ec=2285993 cpucost=3296083.000000
pid 18: ec=2315649 cpucost=3296119.000000
pid 19: ec=2115658 cpucost=3296098.000000
pid 20: ec=2289520 cpucost=3296088.000000
pid 21: ec=2273164 cpucost=3296084.000000
pid 22: ec=2289937 cpucost=3296111.000000
pid 23: ec=2308457 cpucost=3296111.000000
pid 24: ec=2279706 cpucost=3296094.000000
pid 25: ec=2223525 cpucost=3296247.000000
src/core/graphknife.cpp(Start:332): Max Edge Cuts=2979414, Min Edge Cuts=2115658
src/core/graphknife.cpp(Start:333): Get EdgeCuts Ratio costs 340.802574s
src/core/graphknife.cpp(Start:334): EdgeNumber: 85702474, EdgeCuts: 67096832
src/core/graphknife.cpp(Start:335): EdgeCuts ratio= 78.290426%, EdgeCuts ratio2= 78.290426%
src/core/graphknife.cpp(Start:336): Vertex_BF= 1.768931, VCPULoad_BF= 1.768931
src/core/graphknife.cpp(Start:337): Edge_BF= 1.000259, ECPULoad_BF= 1.000259
src/core/graphknife.cpp(Start:338): TotalMinIoCost= 1476985880.000000[remap=false]
src/core/graphknife.cpp(Start:339): MaxVertexCpuCost= 329743.000000, MaxEdgeCpuCost= 3297104.000000
src/core/graphknife.cpp(Start:340): MaxIoCost = 70108290.000000, MinIoCosst=42177250.000000, bf=1.662230
src/core/graphknife.cpp(Start:341): MaxVertexTotalMixCost= 70437993.000000, MaxEdgeTotalMixCost= 73404467.000000
