src/core/graphknife.cpp(ProcessOptions:185): Options:
	graphpath=/home/hadoop/simon/dataset/LJ/soc-LiveJournal.undir.elist.rand
	config=config/heter_config_26_11_1030
	npart=26
	haspartitioned=1
	partitionedgraph=partition/LJ/rand-stream//livejournal_heter_config_26_11_1030.eb.hiob.1.part
	isvertexbalance=1
	htype=2
	wtype=0
	edgecuts=1
	scoretype=1
	usefennel=0
	iocpufactor=0.000000
	gama=0.000000

src/core/graphknife.cpp(Start:221): vertexnum=4846609 edgenum=85702474

src/core/graphknife.cpp(Start:269): Partition Processing costs 40.938537s
src/util/filereader.cpp(GetCutsRatio:340): Edge Balacne factor (with in/out edge): 2.261188
src/core/graphknife.cpp(Start:290): edgenum = 85702474, edgenum_ = 85702474
Detailed edge-cut info:
0 146934 238298 86264 64251 251589 295174 94262 46924 56925 97599 108111 71404 34034 31267 28898 32065 31327 31780 33072 36199 32282 38618 31925 36342 30349 
146934 0 111406 117077 105200 110962 143349 101574 143320 113825 112139 81991 131690 81059 82259 75664 79317 75296 75466 76680 81251 78235 75653 81306 78229 71100 
238298 111406 0 45678 62237 264632 289146 80945 49285 43035 91759 166755 36901 30832 27697 28265 32853 30724 27312 32398 29348 30678 51833 30192 28340 27011 
86264 117077 45678 0 122610 69582 74392 83957 148508 160164 114696 73804 134173 74428 73985 69949 74386 72138 73068 67470 77969 71005 63833 74664 66655 60072 
64251 105200 62237 122610 0 105904 82419 121264 133594 127275 94579 82239 118177 73556 78584 71640 74303 66821 68883 65327 80332 68074 66425 75717 92205 58994 
251589 110962 264632 69582 105904 0 247960 95838 60194 58533 155326 211157 62369 44595 39120 36713 44667 41066 37606 45507 37668 40757 43236 40361 37766 34625 
295174 143349 289146 74392 82419 247960 0 104941 50645 52199 129179 163073 59443 40212 43314 35484 40223 38691 36787 37784 38157 38860 59795 39853 37474 35282 
94262 101574 80945 83957 121264 95838 104941 0 88859 83165 128281 177884 157496 54076 58144 54135 56395 57330 52850 55105 60634 59741 56150 57043 52351 49349 
46924 143320 49285 148508 133594 60194 50645 88859 0 205298 115811 71668 157998 85924 84501 80231 84543 81980 83775 77538 92948 82223 74333 94086 71267 67822 
56925 113825 43035 160164 127275 58533 52199 83165 205298 0 99509 61633 127649 66407 72527 69104 73446 66305 70763 62222 79024 74370 64671 75290 60064 76420 
97599 112139 91759 114696 94579 155326 129179 128281 115811 99509 0 109090 119319 73516 78442 70692 79651 71676 71219 71366 77291 70530 69270 75844 66772 64442 
108111 81991 166755 73804 82239 211157 163073 177884 71668 61633 109090 0 118779 46447 53634 46027 48053 49582 42428 44131 50168 46359 53244 48124 40829 42222 
71404 131690 36901 134173 118177 62369 59443 157496 157998 127649 119319 118779 0 88161 90984 81856 84831 79676 84859 78567 88234 83089 81827 90046 74375 67584 
34034 81059 30832 74428 73556 44595 40212 54076 85924 66407 73516 46447 88161 0 75064 70254 69629 67878 67550 66914 72192 68746 64390 75392 59605 59226 
31267 82259 27697 73985 78584 39120 43314 58144 84501 72527 78442 53634 90984 75064 0 69348 76732 71422 72345 66044 73472 75204 62046 75289 61149 56502 
28898 75664 28265 69949 71640 36713 35484 54135 80231 69104 70692 46027 81856 70254 69348 0 67912 63785 65032 62070 67526 78822 57846 67957 56351 51345 
32065 79317 32853 74386 74303 44667 40223 56395 84543 73446 79651 48053 84831 69629 76732 67912 0 68935 71940 65229 73984 67384 62910 73484 60560 55752 
31327 75296 30724 72138 66821 41066 38691 57330 81980 66305 71676 49582 79676 67878 71422 63785 68935 0 67866 66409 73909 66552 61296 70517 59849 54122 
31780 75466 27312 73068 68883 37606 36787 52850 83775 70763 71219 42428 84859 67550 72345 65032 71940 67866 0 64987 70393 65470 60420 71180 58336 54647 
33072 76680 32398 67470 65327 45507 37784 55105 77538 62222 71366 44131 78567 66914 66044 62070 65229 66409 64987 0 67999 59605 54057 65783 55291 50413 
36199 81251 29348 77969 80332 37668 38157 60634 92948 79024 77291 50168 88234 72192 73472 67526 73984 73909 70393 67999 0 66917 61124 74105 61208 55917 
32282 78235 30678 71005 68074 40757 38860 59741 82223 74370 70530 46359 83089 68746 75204 78822 67384 66552 65470 59605 66917 0 58835 70230 57303 52515 
38618 75653 51833 63833 66425 43236 59795 56150 74333 64671 69270 53244 81827 64390 62046 57846 62910 61296 60420 54057 61124 58835 0 62705 50892 48291 
31925 81306 30192 74664 75717 40361 39853 57043 94086 75290 75844 48124 90046 75392 75289 67957 73484 70517 71180 65783 74105 70230 62705 0 62409 62599 
36342 78229 28340 66655 92205 37766 37474 52351 71267 60064 66772 40829 74375 59605 61149 56351 60560 59849 58336 55291 61208 57303 50892 62409 0 46954 
30349 71100 27011 60072 58994 34625 35282 49349 67822 76420 64442 42222 67584 59226 56502 51345 55752 54122 54647 50413 55917 52515 48291 62599 46954 0 
pid 0: ec=1985893 cpucost=3726719.000000
pid 1: ec=2430982 cpucost=3582418.000000
pid 2: ec=1887560 cpucost=3589294.000000
pid 3: ec=2150527 cpucost=3669215.000000
pid 4: ec=2160610 cpucost=3559344.000000
pid 5: ec=2217733 cpucost=3668153.000000
pid 6: ec=2213836 cpucost=3699794.000000
pid 7: ec=2041769 cpucost=3574819.000000
pid 8: ec=2333275 cpucost=3640525.000000
pid 9: ec=2099823 cpucost=3626305.000000
pid 10: ec=2307998 cpucost=3560180.000000
pid 11: ec=2037432 cpucost=3559446.000000
pid 12: ec=2369487 cpucost=3595087.000000
pid 13: ec=1610087 cpucost=2973377.000000
pid 14: ec=1649075 cpucost=2973217.000000
pid 15: ec=1526906 cpucost=2973112.000000
pid 16: ec=1619184 cpucost=2973102.000000
pid 17: ec=1555152 cpucost=2973160.000000
pid 18: ec=1546962 cpucost=2973204.000000
pid 19: ec=1491968 cpucost=2973096.000000
pid 20: ec=1647969 cpucost=2973059.000000
pid 21: ec=1563786 cpucost=2973044.000000
pid 22: ec=1503700 cpucost=2973876.000000
pid 23: ec=1646101 cpucost=2973049.000000
pid 24: ec=1432576 cpucost=2972916.000000
pid 25: ec=1333555 cpucost=2972963.000000
src/core/graphknife.cpp(Start:332): Max Edge Cuts=2430982, Min Edge Cuts=1333555
src/core/graphknife.cpp(Start:333): Get EdgeCuts Ratio costs 292.710744s
src/core/graphknife.cpp(Start:334): EdgeNumber: 85702474, EdgeCuts: 48363946
src/core/graphknife.cpp(Start:335): EdgeCuts ratio= 56.432380%, EdgeCuts ratio2= 56.432380%
src/core/graphknife.cpp(Start:336): Vertex_BF= 1.736873, VCPULoad_BF= 1.736873
src/core/graphknife.cpp(Start:337): Edge_BF= 1.130594, ECPULoad_BF= 1.130594
src/core/graphknife.cpp(Start:338): TotalMinIoCost= 1087667420.000000[remap=false]
src/core/graphknife.cpp(Start:339): MaxVertexCpuCost= 323767.000000, MaxEdgeCpuCost= 3726719.000000
src/core/graphknife.cpp(Start:340): MaxIoCost = 49472250.000000, MinIoCosst=27025260.000000, bf=1.830593
src/core/graphknife.cpp(Start:341): MaxVertexTotalMixCost= 49783220.000000, MaxEdgeTotalMixCost= 52445467.000000
