src/core/graphknife.cpp(ProcessOptions:185): Options:
	graphpath=/home/hadoop/simon/dataset/LJ/soc-LiveJournal.undir.elist.rand
	config=config/homo_26
	npart=26
	haspartitioned=1
	partitionedgraph=partition/LJ/rand-stream//livejournal_homo_26.eb.hiob.5.fc7.gama1.25.part
	isvertexbalance=1
	htype=2
	wtype=0
	edgecuts=1
	scoretype=1
	usefennel=0
	iocpufactor=0.000000
	gama=0.000000

src/core/graphknife.cpp(Start:221): vertexnum=4846609 edgenum=85702474

src/core/graphknife.cpp(Start:269): Partition Processing costs 41.571335s
src/util/filereader.cpp(GetCutsRatio:340): Edge Balacne factor (with in/out edge): 5.927984
src/core/graphknife.cpp(Start:290): edgenum = 85702474, edgenum_ = 85702474
Detailed edge-cut info:
0 82424 30426 53074 36161 39066 41038 25011 53268 34708 31749 34828 48610 666734 39033 31209 33898 48250 38645 44094 34280 39496 29364 29866 62883 42909 
82424 0 52214 59583 55982 60864 57978 65999 61642 54364 58246 64005 61961 273839 62837 57309 59680 59140 63573 58869 59445 63522 58858 63414 53363 47274 
30426 52214 0 62557 54668 66579 75793 73579 58181 49283 68745 67247 63160 53953 54181 61535 63486 52244 63757 58408 65691 62384 64003 64316 48016 43611 
53074 59583 62557 0 68608 83574 61080 60977 71053 56577 71253 63648 66572 124677 61803 78046 69867 62980 71151 67900 74468 73371 66564 70789 57617 54114 
36161 55982 54668 68608 0 67625 56433 53417 59830 55324 71039 57806 65186 66863 43085 71235 67296 63695 67283 74712 61400 69189 64793 64703 90105 47260 
39066 60864 66579 83574 67625 0 62743 80971 70973 54281 71445 72913 68956 72375 50056 71088 69670 64910 75940 68166 86736 72397 66029 65171 57858 57237 
41038 57978 75793 61080 56433 62743 0 57368 62043 50016 67996 54557 59442 121795 49612 62202 68635 60075 62866 57732 72482 64433 67405 67747 51034 45615 
25011 65999 73579 60977 53417 80971 57368 0 64343 48906 59528 144505 70419 70820 56064 56340 62070 51308 57873 62917 78150 61768 70342 85088 48834 40528 
53268 61642 58181 71053 59830 70973 62043 64343 0 56684 66123 59790 64224 217948 60416 64922 66800 62247 71334 61989 69592 67577 65515 64334 54425 49689 
34708 54364 49283 56577 55324 54281 50016 48906 56684 0 60512 57944 57944 92390 49727 75705 61794 54669 58398 59526 64221 62906 55399 59882 51044 58363 
31749 58246 68745 71253 71039 71445 67996 59528 66123 60512 0 65231 70891 59240 56942 88968 81294 70761 76377 70372 66043 80512 67682 78629 62095 54420 
34828 64005 67247 63648 57806 72913 54557 144505 59790 57944 65231 0 91323 81432 54977 62139 66398 57517 62977 57210 65319 69575 74458 84753 50763 41334 
48610 61961 63160 66572 65186 68956 59442 70419 64224 57944 70891 91323 0 101273 53985 69783 74858 61125 66685 64143 61232 73259 72319 75925 64462 52045 
666734 273839 53953 124677 66863 72375 121795 70820 217948 92390 59240 81432 101273 0 123133 47714 67494 236310 89101 83740 82578 71152 77399 96754 70157 145569 
39033 62837 54181 61803 43085 50056 49612 56064 60416 49727 56942 54977 53985 123133 0 64741 57759 46638 52860 53279 62779 56641 68450 58299 46657 42257 
31209 57309 61535 78046 71235 71088 62202 56340 64922 75705 88968 62139 69783 47714 64741 0 80182 65092 77467 74060 68589 82078 72210 78473 63628 52455 
33898 59680 63486 69867 67296 69670 68635 62070 66800 61794 81294 66398 74858 67494 57759 80182 0 72457 74850 69720 79130 76971 71688 74183 61523 54080 
48250 59140 52244 62980 63695 64910 60075 51308 62247 54669 70761 57517 61125 236310 46638 65092 72457 0 68111 61027 62923 69238 59314 66396 54248 51602 
38645 63573 63757 71151 67283 75940 62866 57873 71334 58398 76377 62977 66685 89101 52860 77467 74850 68111 0 67555 82695 78141 64551 71191 60333 53128 
44094 58869 58408 67900 74712 68166 57732 62917 61989 59526 70372 57210 64143 83740 53279 74060 69720 61027 67555 0 66293 70517 66294 71994 58145 45096 
34280 59445 65691 74468 61400 86736 72482 78150 69592 64221 66043 65319 61232 82578 62779 68589 79130 62923 82695 66293 0 70321 65452 63402 57798 52438 
39496 63522 62384 73371 69189 72397 64433 61768 67577 62906 80512 69575 73259 71152 56641 82078 76971 69238 78141 70517 70321 0 69126 77903 61346 48730 
29364 58858 64003 66564 64793 66029 67405 70342 65515 55399 67682 74458 72319 77399 68450 72210 71688 59314 64551 66294 65452 69126 0 69949 53312 46897 
29866 63414 64316 70789 64703 65171 67747 85088 64334 59882 78629 84753 75925 96754 58299 78473 74183 66396 71191 71994 63402 77903 69949 0 62012 50881 
62883 53363 48016 57617 90105 57858 51034 48834 54425 51044 62095 50763 64462 70157 46657 63628 61523 54248 60333 58145 57798 61346 53312 62012 0 42456 
42909 47274 43611 54114 47260 57237 45615 40528 49689 58363 54420 41334 52045 145569 42257 52455 54080 51602 53128 45096 52438 48730 46897 50881 42456 0 
pid 0: ec=1651024 cpucost=3166828.000000
pid 1: ec=1716385 cpucost=3019821.000000
pid 2: ec=1478017 cpucost=3022331.000000
pid 3: ec=1711903 cpucost=3021871.000000
pid 4: ec=1553698 cpucost=3021254.000000
pid 5: ec=1677623 cpucost=3064039.000000
pid 6: ec=1558120 cpucost=3020854.000000
pid 7: ec=1607125 cpucost=3155839.000000
pid 8: ec=1724942 cpucost=3020464.000000
pid 9: ec=1440567 cpucost=3019799.000000
pid 10: ec=1676093 cpucost=3021939.000000
pid 11: ec=1662649 cpucost=3025093.000000
pid 12: ec=1679782 cpucost=3020142.000000
pid 13: ec=3194440 cpucost=9770056.000000
pid 14: ec=1426211 cpucost=3043707.000000
pid 15: ec=1677170 cpucost=3032906.000000
pid 16: ec=1685783 cpucost=3021055.000000
pid 17: ec=1682277 cpucost=3019235.000000
pid 18: ec=1676842 cpucost=3024968.000000
pid 19: ec=1593758 cpucost=3022148.000000
pid 20: ec=1673457 cpucost=3059923.000000
pid 21: ec=1692553 cpucost=3025657.000000
pid 22: ec=1607373 cpucost=3020327.000000
pid 23: ec=1716054 cpucost=3021500.000000
pid 24: ec=1444114 cpucost=3021142.000000
pid 25: ec=1319988 cpucost=3019576.000000
src/core/graphknife.cpp(Start:332): Max Edge Cuts=3194440, Min Edge Cuts=1319988
src/core/graphknife.cpp(Start:333): Get EdgeCuts Ratio costs 289.576735s
src/core/graphknife.cpp(Start:334): EdgeNumber: 85702474, EdgeCuts: 43527948
src/core/graphknife.cpp(Start:335): EdgeCuts ratio= 50.789605%, EdgeCuts ratio2= 50.789605%
src/core/graphknife.cpp(Start:336): Vertex_BF= 1.499426, VCPULoad_BF= 1.499426
src/core/graphknife.cpp(Start:337): Edge_BF= 2.963992, ECPULoad_BF= 2.963992
src/core/graphknife.cpp(Start:338): TotalMinIoCost= 43527948.000000[remap=false]
src/core/graphknife.cpp(Start:339): MaxVertexCpuCost= 279505.000000, MaxEdgeCpuCost= 9770056.000000
src/core/graphknife.cpp(Start:340): MaxIoCost = 3194440.000000, MinIoCosst=1319988.000000, bf=2.420052
src/core/graphknife.cpp(Start:341): MaxVertexTotalMixCost= 3322122.000000, MaxEdgeTotalMixCost= 12964496.000000
