src/core/graphknife.cpp(ProcessOptions:185): Options:
	graphpath=/home/hadoop/simon/dataset/LJ/soc-LiveJournal.undir.elist.rand
	config=config/heter_config_26_11_1030
	npart=26
	haspartitioned=1
	partitionedgraph=partition/LJ/rand-stream//livejournal_heter_config_26_11_1030.eb.hiob.5.fc0.7.gama1.25.part
	isvertexbalance=1
	htype=2
	wtype=0
	edgecuts=1
	scoretype=1
	usefennel=0
	iocpufactor=0.000000
	gama=0.000000

src/core/graphknife.cpp(Start:221): vertexnum=4846609 edgenum=85702474

src/core/graphknife.cpp(Start:269): Partition Processing costs 43.877704s
src/util/filereader.cpp(GetCutsRatio:340): Edge Balacne factor (with in/out edge): 3.203061
src/core/graphknife.cpp(Start:290): edgenum = 85702474, edgenum_ = 85702474
Detailed edge-cut info:
0 169852 418074 129124 94913 320196 433664 143983 81930 86820 132350 149620 102614 27844 25303 21509 26361 25273 28425 24459 30147 25624 30860 25877 25425 18719 
169852 0 129340 197187 171927 151697 154431 154520 227980 184482 177996 143775 205032 67472 67284 58021 63831 58155 60587 57002 65831 61928 53180 67299 55604 50179 
418074 129340 0 80335 98484 304778 370114 118232 85004 69703 119958 206025 66129 27577 24697 23432 30342 26409 26071 25735 27490 25574 47162 27903 20378 18684 
129124 197187 80335 0 187043 133238 122554 152148 246723 240372 183910 137128 209551 55442 55928 48817 54946 52765 52936 46560 57699 51011 41925 56900 44904 38929 
94913 171927 98484 187043 0 148016 123005 183510 214956 189646 160049 143490 179275 58311 59861 51734 58805 52639 53165 49149 64974 52320 46859 60492 71323 38601 
320196 151697 304778 133238 148016 0 249860 140156 139634 115145 183471 222810 126535 45149 42674 36806 45447 41178 40284 41397 42300 41259 38133 43967 33655 29209 
433664 154431 370114 122554 123005 249860 0 140958 103331 96552 157210 186895 104824 35153 39864 30041 34775 32300 32725 31876 35424 32234 48779 36940 26334 24339 
143983 154520 118232 152148 183510 140156 140958 0 166543 141378 184942 239892 222993 44520 49114 41150 47388 46259 44350 41957 49555 47471 40019 48730 36674 31751 
81930 227980 85004 246723 214956 139634 103331 166543 0 283751 197141 148365 247899 63193 64319 55709 59646 58464 61629 50887 66761 57525 49177 70161 44993 40898 
86820 184482 69703 240372 189646 115145 96552 141378 283751 0 158450 123213 188491 49500 54628 47998 54471 49837 51235 43885 61092 55626 41623 56719 40350 55675 
132350 177996 119958 183910 160049 183471 157210 184942 197141 158450 0 154869 190493 60686 67612 54772 64989 57355 61957 53185 65823 54902 49159 61850 46336 46534 
149620 143775 206025 137128 143490 222810 186895 239892 148365 123213 154869 0 190725 44213 51873 40552 46090 45535 41353 37846 47524 43310 43308 47703 32693 32043 
102614 205032 66129 209551 179275 126535 104824 222993 247899 188491 190493 190725 0 65176 65906 55866 61314 58639 62102 52541 63660 58009 54963 64245 49514 40907 
27844 67472 27577 55442 58311 45149 35153 44520 63193 49500 60686 44213 65176 0 25438 21098 22168 21691 21664 21586 25097 21446 19679 24863 17657 15930 
25303 67284 24697 55928 59861 42674 39864 49114 64319 54628 67612 51873 65906 25438 0 22083 25916 23050 24484 20710 24947 25026 18132 24734 18179 15690 
21509 58021 23432 48817 51734 36806 30041 41150 55709 47998 54772 40552 55866 21098 22083 0 21143 19399 19665 18386 21675 33522 16528 21690 16206 13142 
26361 63831 30342 54946 58805 45447 34775 47388 59646 54471 64989 46090 61314 22168 25916 21143 0 22143 23805 20797 25031 20871 18129 23735 18224 15271 
25273 58155 26409 52765 52639 41178 32300 46259 58464 49837 57355 45535 58639 21691 23050 19399 22143 0 21440 20529 27065 20633 17490 22412 18557 14836 
28425 60587 26071 52936 53165 40284 32725 44350 61629 51235 61957 41353 62102 21664 24484 19665 23805 21440 0 19644 23438 21197 17138 23851 17376 14894 
24459 57002 25735 46560 49149 41397 31876 41957 50887 43885 53185 37846 52541 21586 20710 18386 20797 20529 19644 0 22498 17490 14480 20578 15249 13107 
30147 65831 27490 57699 64974 42300 35424 49555 66761 61092 65823 47524 63660 25097 24947 21675 25031 27065 23438 22498 0 22422 18714 26415 19005 15519 
25624 61928 25574 51011 52320 41259 32234 47471 57525 55626 54902 43310 58009 21446 25026 33522 20871 20633 21197 17490 22422 0 16772 23324 16571 14228 
30860 53180 47162 41925 46859 38133 48779 40019 49177 41623 49159 43308 54963 19679 18132 16528 18129 17490 17138 14480 18714 16772 0 18570 13530 12094 
25877 67299 27903 56900 60492 43967 36940 48730 70161 56719 61850 47703 64245 24863 24734 21690 23735 22412 23851 20578 26415 23324 18570 0 19730 18945 
25425 55604 20378 44904 71323 33655 26334 36674 44993 40350 46336 32693 49514 17657 18179 16206 18224 18557 17376 15249 19005 16571 13530 19730 0 12244 
18719 50179 18684 38929 38601 29209 24339 31751 40898 55675 46534 32043 40907 15930 15690 13142 15271 14836 14894 13107 15519 14228 12094 18945 12244 0 
pid 0: ec=2598966 cpucost=5279044.000000
pid 1: ec=2854592 cpucost=4758704.000000
pid 2: ec=2417630 cpucost=4736400.000000
pid 3: ec=2678075 cpucost=4927389.000000
pid 4: ec=2612547 cpucost=4752527.000000
pid 5: ec=2756994 cpucost=4736100.000000
pid 6: ec=2684182 cpucost=4748666.000000
pid 7: ec=2558193 cpucost=4752467.000000
pid 8: ec=2886619 cpucost=5034725.000000
pid 9: ec=2540642 cpucost=4760634.000000
pid 10: ec=2745999 cpucost=4751551.000000
pid 11: ec=2600850 cpucost=4740814.000000
pid 12: ec=2787403 cpucost=4756437.000000
pid 13: ec=902553 cpucost=1756411.000000
pid 14: ec=937452 cpucost=1756886.000000
pid 15: ec=810944 cpucost=1761392.000000
pid 16: ec=905638 cpucost=1756602.000000
pid 17: ec=854053 cpucost=1759333.000000
pid 18: ec=865415 cpucost=1758655.000000
pid 19: ec=781533 cpucost=1762617.000000
pid 20: ec=950106 cpucost=1755968.000000
pid 21: ec=860295 cpucost=1759393.000000
pid 22: ec=786403 cpucost=1781231.000000
pid 23: ec=937633 cpucost=1756051.000000
pid 24: ec=730711 cpucost=1780677.000000
pid 25: ec=642368 cpucost=1821800.000000
src/core/graphknife.cpp(Start:332): Max Edge Cuts=2886619, Min Edge Cuts=642368
src/core/graphknife.cpp(Start:333): Get EdgeCuts Ratio costs 309.962956s
src/core/graphknife.cpp(Start:334): EdgeNumber: 85702474, EdgeCuts: 45687796
src/core/graphknife.cpp(Start:335): EdgeCuts ratio= 53.309775%, EdgeCuts ratio2= 53.309775%
src/core/graphknife.cpp(Start:336): Vertex_BF= 1.321767, VCPULoad_BF= 1.321767
src/core/graphknife.cpp(Start:337): Edge_BF= 1.601531, ECPULoad_BF= 1.601531
src/core/graphknife.cpp(Start:338): TotalMinIoCost= 832977520.000000[remap=false]
src/core/graphknife.cpp(Start:339): MaxVertexCpuCost= 246388.000000, MaxEdgeCpuCost= 5279044.000000
src/core/graphknife.cpp(Start:340): MaxIoCost = 44273380.000000, MinIoCosst=19271040.000000, bf=2.297405
src/core/graphknife.cpp(Start:341): MaxVertexTotalMixCost= 44492709.000000, MaxEdgeTotalMixCost= 49032084.000000
