src/core/graphknife.cpp(ProcessOptions:185): Options:
	graphpath=/home/hadoop/simon/dataset/LJ/soc-LiveJournal.undir.elist.rand
	config=config/homo_26
	npart=26
	haspartitioned=1
	partitionedgraph=partition/LJ/rand-stream//livejournal_homo_26.eb.hiob.3.part
	isvertexbalance=1
	htype=2
	wtype=0
	edgecuts=1
	scoretype=1
	usefennel=0
	iocpufactor=0.000000
	gama=0.000000

src/core/graphknife.cpp(Start:221): vertexnum=4846609 edgenum=85702474

src/core/graphknife.cpp(Start:269): Partition Processing costs 42.509183s
src/util/filereader.cpp(GetCutsRatio:340): Edge Balacne factor (with in/out edge): 3.277882
src/core/graphknife.cpp(Start:290): edgenum = 85702474, edgenum_ = 85702474
Detailed edge-cut info:
0 77030 67483 72089 59252 61672 63596 68009 74270 79735 78778 67443 71001 61512 62646 88148 66411 61140 86759 63094 63718 68897 81962 52349 67608 58409 
77030 0 66485 87271 84543 75596 65998 75374 92374 73616 43409 90723 73526 74596 75343 74871 83672 71794 51205 85827 77177 90170 63481 60904 81638 66280 
67483 66485 0 68650 54954 60209 52410 63805 62415 65230 104057 54517 53695 57298 68182 53946 57053 87072 182412 56016 52936 56932 87778 54405 59746 56371 
72089 87271 68650 0 64596 74147 69237 74981 79985 76297 76707 68715 72077 69294 66822 60374 76537 69434 115066 72942 80547 70949 78469 64415 72144 63756 
59252 84543 54954 64596 0 63369 60266 77624 72953 59530 32374 81281 62673 68276 65130 61590 74995 55335 33742 76183 61768 78200 52330 60894 80158 73229 
61672 75596 60209 74147 63369 0 57980 62190 71758 64778 57940 62396 59861 60908 56562 53108 64718 55058 74300 66286 63857 64559 67562 65709 62526 65386 
63596 65998 52410 69237 60266 57980 0 66449 73602 58988 49338 77075 58459 60734 55326 53223 73108 53352 65398 64452 62448 62757 58155 61549 66771 61677 
68009 75374 63805 74981 77624 62190 66449 0 77886 67018 63583 68126 63879 83410 65425 61737 70347 55583 100914 73498 64498 70164 63865 60587 69046 63663 
74270 92374 62415 79985 72953 71758 73602 77886 0 68746 42806 77175 73262 83301 68377 66798 80023 64180 48024 72462 77101 84908 61532 61944 76903 70785 
79735 73616 65230 76297 59530 64778 58988 67018 68746 0 116404 63843 62317 64613 59989 55354 65659 63372 166360 64133 61697 67305 78361 73170 63608 58517 
78778 43409 104057 76707 32374 57940 49338 63583 42806 116404 0 33034 53647 44749 77910 55957 38084 111654 554066 52721 36936 51263 217053 31261 37940 30648 
67443 90723 54517 68715 81281 62396 77075 68126 77175 63843 33034 0 67334 63344 59058 65916 80100 59816 38045 76029 65647 82817 53451 59554 77343 72945 
71001 73526 53695 72077 62673 59861 58459 63879 73262 62317 53647 67334 0 71748 60830 56281 74125 52745 76589 65261 58829 83068 64243 86286 64540 69573 
61512 74596 57298 69294 68276 60908 60734 83410 83301 64613 44749 63344 71748 0 56976 55891 71178 55067 60700 68431 65212 70650 59638 65338 70893 68220 
62646 75343 68182 66822 65130 56562 55326 65425 68377 59989 77910 59058 60830 56976 0 54316 61856 70271 111170 64556 76449 63946 72481 51569 64957 55273 
88148 74871 53946 60374 61590 53108 53223 61737 66798 55354 55957 65916 56281 55891 54316 0 60485 51970 70231 59504 53021 68131 56999 47586 62711 52553 
66411 83672 57053 76537 74995 64718 73108 70347 80023 65659 38084 80100 74125 71178 61856 60485 0 63266 43315 76461 68713 80175 57084 80665 73599 81199 
61140 71794 87072 69434 55335 55058 53352 55583 64180 63372 111654 59816 52745 55067 70271 51970 63266 0 149737 58283 50136 58624 83274 62050 59368 54159 
86759 51205 182412 115066 33742 74300 65398 100914 48024 166360 554066 38045 76589 60700 111170 70231 43315 149737 0 62462 42674 52509 288555 45905 45382 42167 
63094 85827 56016 72942 76183 66286 64452 73498 72462 64133 52721 76029 65261 68431 64556 59504 76461 58283 62462 0 61673 78860 59798 74629 71966 65808 
63718 77177 52936 80547 61768 63857 62448 64498 77101 61697 36936 65647 58829 65212 76449 53021 68713 50136 42674 61673 0 68640 54934 61663 64982 61781 
68897 90170 56932 70949 78200 64559 62757 70164 84908 67305 51263 82817 83068 70650 63946 68131 80175 58624 52509 78860 68640 0 64813 70366 69822 62824 
81962 63481 87778 78469 52330 67562 58155 63865 61532 78361 217053 53451 64243 59638 72481 56999 57084 83274 288555 59798 54934 64813 0 49769 55466 49733 
52349 60904 54405 64415 60894 65709 61549 60587 61944 73170 31261 59554 86286 65338 51569 47586 80665 62050 45905 74629 61663 70366 49769 0 63505 165193 
67608 81638 59746 72144 80158 62526 66771 69046 76903 63608 37940 77343 64540 70893 64957 62711 73599 59368 45382 71966 64982 69822 55466 63505 0 68592 
58409 66280 56371 63756 73229 65386 61677 63663 70785 58517 30648 72945 69573 68220 55273 52553 81199 54159 42167 65808 61781 62824 49733 165193 68592 0 
pid 0: ec=1723011 cpucost=3142489.000000
pid 1: ec=1862903 cpucost=3271045.000000
pid 2: ec=1704057 cpucost=3141707.000000
pid 3: ec=1845501 cpucost=3144279.000000
pid 4: ec=1615245 cpucost=3185005.000000
pid 5: ec=1592435 cpucost=3142809.000000
pid 6: ec=1552348 cpucost=3142234.000000
pid 7: ec=1731661 cpucost=3142149.000000
pid 8: ec=1783570 cpucost=3143506.000000
pid 9: ec=1798640 cpucost=3144254.000000
pid 10: ec=2092319 cpucost=4444491.000000
pid 11: ec=1665727 cpucost=3146979.000000
pid 12: ec=1655849 cpucost=3142085.000000
pid 13: ec=1631977 cpucost=3149251.000000
pid 14: ec=1645420 cpucost=3139670.000000
pid 15: ec=1500701 cpucost=3143555.000000
pid 16: ec=1722828 cpucost=3142484.000000
pid 17: ec=1676740 cpucost=3143856.000000
pid 18: ec=2607687 cpucost=5402357.000000
pid 19: ec=1691335 cpucost=3144491.000000
pid 20: ec=1557037 cpucost=3142579.000000
pid 21: ec=1741349 cpucost=3255263.000000
pid 22: ec=1980786 cpucost=3141558.000000
pid 23: ec=1631265 cpucost=3259553.000000
pid 24: ec=1651214 cpucost=3145482.000000
pid 25: ec=1638741 cpucost=3159343.000000
src/core/graphknife.cpp(Start:332): Max Edge Cuts=2607687, Min Edge Cuts=1500701
src/core/graphknife.cpp(Start:333): Get EdgeCuts Ratio costs 287.295331s
src/core/graphknife.cpp(Start:334): EdgeNumber: 85702474, EdgeCuts: 45300346
src/core/graphknife.cpp(Start:335): EdgeCuts ratio= 52.857688%, EdgeCuts ratio2= 52.857688%
src/core/graphknife.cpp(Start:336): Vertex_BF= 1.146925, VCPULoad_BF= 1.146925
src/core/graphknife.cpp(Start:337): Edge_BF= 1.638941, ECPULoad_BF= 1.638941
src/core/graphknife.cpp(Start:338): TotalMinIoCost= 45300346.000000[remap=false]
src/core/graphknife.cpp(Start:339): MaxVertexCpuCost= 213796.000000, MaxEdgeCpuCost= 5402357.000000
src/core/graphknife.cpp(Start:340): MaxIoCost = 2607687.000000, MinIoCosst=1500701.000000, bf=1.737646
src/core/graphknife.cpp(Start:341): MaxVertexTotalMixCost= 2753886.000000, MaxEdgeTotalMixCost= 8010044.000000
