src/core/graphknife.cpp(ProcessOptions:185): Options:
	graphpath=/home/hadoop/simon/dataset/LJ/soc-LiveJournal.undir.elist.rand
	config=config/homo_26
	npart=26
	haspartitioned=1
	partitionedgraph=partition/LJ/rand-stream//livejournal_homo_26.eb.hiob.5.fc0.7.gama2.part
	isvertexbalance=1
	htype=2
	wtype=0
	edgecuts=1
	scoretype=1
	usefennel=0
	iocpufactor=0.000000
	gama=0.000000

src/core/graphknife.cpp(Start:221): vertexnum=4846609 edgenum=85702474

src/core/graphknife.cpp(Start:269): Partition Processing costs 43.310005s
src/util/filereader.cpp(GetCutsRatio:340): Edge Balacne factor (with in/out edge): 2.000502
src/core/graphknife.cpp(Start:290): edgenum = 85702474, edgenum_ = 85702474
Detailed edge-cut info:
0 122646 122295 125301 123607 119951 121981 125804 121104 125978 130872 124939 122199 123576 125559 123101 125069 123544 121902 119736 126175 122157 122454 122269 124354 123816 
122646 0 120752 123612 127406 141179 117235 119519 119233 122722 119846 120694 122234 123400 121270 119810 120043 121657 120822 148667 119478 128991 119855 121018 121856 119763 
122295 120752 0 123697 125580 120543 122517 125235 124469 124163 123010 127295 122267 125476 126930 125576 125047 123482 124359 124510 125257 121140 130616 120606 125137 125008 
125301 123612 123697 0 126212 122224 119935 124343 122674 124922 122910 125324 125308 124211 124059 124976 125264 129699 118873 126009 124818 121740 124659 122707 123126 126567 
123607 127406 125580 126212 0 125301 117096 123747 120706 126852 124067 124366 125297 122981 123977 123196 124706 126543 117772 129174 123368 122981 121568 122736 127260 126964 
119951 141179 120543 122224 125301 0 117436 120020 120322 122172 121066 123062 120793 121161 120355 118439 118735 123314 114781 120022 118762 145987 118101 116992 117456 120904 
121981 117235 122517 119935 117096 117436 0 121124 131392 121407 124220 123221 121576 122696 123249 123539 126542 119840 145015 118982 124093 125992 125203 117550 128680 120457 
125804 119519 125235 124343 123747 120020 121124 0 124486 124190 124442 127305 124848 122901 129457 128571 123968 123367 120592 121272 125280 119196 124947 121751 127602 124374 
121104 119233 124469 122674 120706 120322 131392 124486 0 123158 121058 126261 125269 124792 124780 125474 124786 122905 136863 120976 123836 121111 125352 124369 124356 123508 
125978 122722 124163 124922 126852 122172 121407 124190 123158 0 125333 123861 124605 124277 124044 124642 124625 122302 119835 123217 125172 125446 124699 127466 125817 125034 
130872 119846 123010 122910 124067 121066 124220 124442 121058 125333 0 124048 128567 124223 124238 123931 123486 122256 121600 120812 125768 128424 123736 123204 125194 124341 
124939 120694 127295 125324 124366 123062 123221 127305 126261 123861 124048 0 125290 123675 125995 125211 123376 125953 121556 120393 125888 122099 123366 120026 126179 123295 
122199 122234 122267 125308 125297 120793 121576 124848 125269 124605 128567 125290 0 125875 123488 122886 123108 124615 120122 125196 127060 126571 122427 122536 123602 122580 
123576 123400 125476 124211 122981 121161 122696 122901 124792 124277 124223 123675 125875 0 124942 124577 125214 122378 123216 123159 124898 126129 126316 121010 125648 124874 
125559 121270 126930 124059 123977 120355 123249 129457 124780 124044 124238 125995 123488 124942 0 125787 123524 122657 124565 122236 126117 121345 126391 121171 124394 124976 
123101 119810 125576 124976 123196 118439 123539 128571 125474 124642 123931 125211 122886 124577 125787 0 126772 125071 123536 121791 124516 120605 126231 127031 125600 125844 
125069 120043 125047 125264 124706 118735 126542 123968 124786 124625 123486 123376 123108 125214 123524 126772 0 127013 124286 126223 123167 122197 126367 122232 123919 126123 
123544 121657 123482 129699 126543 123314 119840 123367 122905 122302 122256 125953 124615 122378 122657 125071 127013 0 119402 121672 123467 122604 123361 126179 124941 124294 
121902 120822 124359 118873 117772 114781 145015 120592 136863 119835 121600 121556 120122 123216 124565 123536 124286 119402 0 119354 121500 118217 124865 118936 125231 121214 
119736 148667 124510 126009 129174 120022 118982 121272 120976 123217 120812 120393 125196 123159 122236 121791 126223 121672 119354 0 122188 120980 121656 117602 122635 123480 
126175 119478 125257 124818 123368 118762 124093 125280 123836 125172 125768 125888 127060 124898 126117 124516 123167 123467 121500 122188 0 122472 125753 127779 123467 123740 
122157 128991 121140 121740 122981 145987 125992 119196 121111 125446 128424 122099 126571 126129 121345 120605 122197 122604 118217 120980 122472 0 120682 118381 121203 121340 
122454 119855 130616 124659 121568 118101 125203 124947 125352 124699 123736 123366 122427 126316 126391 126231 126367 123361 124865 121656 125753 120682 0 127555 122921 125855 
122269 121018 120606 122707 122736 116992 117550 121751 124369 127466 123204 120026 122536 121010 121171 127031 122232 126179 118936 117602 127779 118381 127555 0 121109 124987 
124354 121856 125137 123126 127260 117456 128680 127602 124356 125817 125194 126179 123602 125648 124394 125600 123919 124941 125231 122635 123467 121203 122921 121109 0 124097 
123816 119763 125008 126567 126964 120904 120457 124374 123508 125034 124341 123295 122580 124874 124976 125844 126123 124294 121214 123480 123740 121340 125855 124987 124097 0 
pid 0: ec=3090389 cpucost=3296179.000000
pid 1: ec=3083708 cpucost=3296158.000000
pid 2: ec=3104967 cpucost=3297077.000000
pid 3: ec=3103170 cpucost=3296176.000000
pid 4: ec=3103463 cpucost=3296167.000000
pid 5: ec=3049078 cpucost=3296160.000000
pid 6: ec=3080978 cpucost=3296184.000000
pid 7: ec=3098341 cpucost=3296177.000000
pid 8: ec=3103240 cpucost=3296186.000000
pid 9: ec=3105939 cpucost=3296163.000000
pid 10: ec=3100652 cpucost=3296166.000000
pid 11: ec=3102678 cpucost=3296158.000000
pid 12: ec=3098319 cpucost=3296171.000000
pid 13: ec=3101605 cpucost=3296261.000000
pid 14: ec=3105506 cpucost=3296276.000000
pid 15: ec=3106713 cpucost=3296163.000000
pid 16: ec=3105792 cpucost=3296664.000000
pid 17: ec=3092516 cpucost=3296226.000000
pid 18: ec=3068414 cpucost=3296202.000000
pid 19: ec=3081942 cpucost=3296280.000000
pid 20: ec=3104019 cpucost=3296193.000000
pid 21: ec=3087990 cpucost=3296176.000000
pid 22: ec=3104936 cpucost=3296156.000000
pid 23: ec=3057202 cpucost=3296376.000000
pid 24: ec=3105784 cpucost=3296166.000000
pid 25: ec=3097435 cpucost=3296213.000000
src/core/graphknife.cpp(Start:332): Max Edge Cuts=3106713, Min Edge Cuts=3049078
src/core/graphknife.cpp(Start:333): Get EdgeCuts Ratio costs 381.806118s
src/core/graphknife.cpp(Start:334): EdgeNumber: 85702474, EdgeCuts: 80444776
src/core/graphknife.cpp(Start:335): EdgeCuts ratio= 93.865174%, EdgeCuts ratio2= 93.865174%
src/core/graphknife.cpp(Start:336): Vertex_BF= 1.036286, VCPULoad_BF= 1.036286
src/core/graphknife.cpp(Start:337): Edge_BF= 1.000251, ECPULoad_BF= 1.000251
src/core/graphknife.cpp(Start:338): TotalMinIoCost= 80444776.000000[remap=false]
src/core/graphknife.cpp(Start:339): MaxVertexCpuCost= 193172.000000, MaxEdgeCpuCost= 3297077.000000
src/core/graphknife.cpp(Start:340): MaxIoCost = 3106713.000000, MinIoCosst=3049078.000000, bf=1.018902
src/core/graphknife.cpp(Start:341): MaxVertexTotalMixCost= 3298678.000000, MaxEdgeTotalMixCost= 6402876.000000
