src/core/graphknife.cpp(ProcessOptions:185): Options:
	graphpath=/home/hadoop/simon/dataset/LJ/soc-LiveJournal.undir.elist.rand
	config=config/heter_config_26_11_1030
	npart=26
	haspartitioned=1
	partitionedgraph=partition/LJ/rand-stream//livejournal_heter_config_26_11_1030.eb.hiob.5.fc7.gama1.25.part
	isvertexbalance=1
	htype=2
	wtype=0
	edgecuts=1
	scoretype=1
	usefennel=0
	iocpufactor=0.000000
	gama=0.000000

src/core/graphknife.cpp(Start:221): vertexnum=4846609 edgenum=85702474

src/core/graphknife.cpp(Start:269): Partition Processing costs 40.670186s
src/util/filereader.cpp(GetCutsRatio:340): Edge Balacne factor (with in/out edge): 3.204845
src/core/graphknife.cpp(Start:290): edgenum = 85702474, edgenum_ = 85702474
Detailed edge-cut info:
0 170143 419876 129254 94969 319530 433970 144077 82105 87115 132430 149937 102867 27770 25216 21347 26272 25159 28182 24202 30021 25455 30622 25730 25222 18677 
170143 0 130442 198058 173897 153364 155484 156186 229334 186025 180139 145458 206888 67374 67138 57923 63908 57893 60627 56657 65924 61775 52805 67301 55431 50225 
419876 130442 0 80989 99640 305950 371781 119266 85848 70607 121027 207441 67228 27925 24981 23687 30711 26617 26287 25961 27933 25839 47335 28116 20572 18909 
129254 198058 80989 0 187951 134294 123481 153027 247074 241236 184890 137901 210583 54736 55230 48323 54269 52140 52410 45984 57200 50390 41405 56529 44369 38742 
94969 173897 99640 187951 0 149071 123957 185124 216291 191177 161558 145027 181189 58558 59975 51792 58726 52781 53375 49154 65110 52605 46848 60642 71206 38596 
319530 153364 305950 134294 149071 0 250677 141395 141275 116774 184909 224115 128430 45790 43410 37201 45719 41442 40712 41755 42815 41504 38271 44655 33838 29486 
433970 155484 371781 123481 123957 250677 0 141985 104323 97707 158598 188079 106212 35570 40249 30158 35111 32530 32884 32070 35831 32492 48708 37346 26376 24539 
144077 156186 119266 153027 185124 141395 141985 0 167751 142910 186600 241421 224742 44693 49263 41139 47558 46175 44292 41940 49909 47635 40041 48758 36751 31964 
82105 229334 85848 247074 216291 141275 104323 167751 0 285531 198446 149724 249733 62682 63643 55157 59187 58060 61182 50224 66386 56854 48699 69698 44588 40712 
87115 186025 70607 241236 191177 116774 97707 142910 285531 0 160159 124563 190251 49394 54535 47684 54240 49756 51065 43693 61141 55330 41471 56798 40224 55578 
132430 180139 121027 184890 161558 184909 158598 186600 198446 160159 0 156423 192216 60931 67677 54596 65163 57385 61927 53035 65964 54893 49014 61766 46373 46722 
149937 145458 207441 137901 145027 224115 188079 241421 149724 124563 156423 0 192206 44539 52169 40847 46337 45753 41583 37991 47989 43616 43500 48240 32966 32395 
102867 206888 67228 210583 181189 128430 106212 224742 249733 190251 192216 192206 0 65142 65777 55508 61048 58502 61852 52340 63512 57792 54686 64017 49489 40783 
27770 67374 27925 54736 58558 45790 35570 44693 62682 49394 60931 44539 65142 0 24508 20283 21267 20674 20702 20790 24067 20588 18830 23689 16859 15359 
25216 67138 24981 55230 59975 43410 40249 49263 63643 54535 67677 52169 65777 24508 0 21287 24834 21970 23453 19818 23841 24086 17383 23697 17550 15109 
21347 57923 23687 48323 51792 37201 30158 41139 55157 47684 54596 40847 55508 20283 21287 0 20326 18500 18888 17526 20755 32772 15900 20718 15480 12599 
26272 63908 30711 54269 58726 45719 35111 47558 59187 54240 65163 46337 61048 21267 24834 20326 0 21154 22782 19881 23944 20054 17259 22780 17495 14669 
25159 57893 26617 52140 52781 41442 32530 46175 58060 49756 57385 45753 58502 20674 21970 18500 21154 0 20512 19718 26061 19631 16642 21416 17848 14329 
28182 60627 26287 52410 53375 40712 32884 44292 61182 51065 61927 41583 61852 20702 23453 18888 22782 20512 0 18875 22443 20340 16410 22905 16715 14375 
24202 56657 25961 45984 49154 41755 32070 41940 50224 43693 53035 37991 52340 20790 19818 17526 19881 19718 18875 0 21592 16712 13746 19708 14512 12637 
30021 65924 27933 57200 65110 42815 35831 49909 66386 61141 65964 47989 63512 24067 23841 20755 23944 26061 22443 21592 0 21421 17872 25277 18293 14867 
25455 61775 25839 50390 52605 41504 32492 47635 56854 55330 54893 43616 57792 20588 24086 32772 20054 19631 20340 16712 21421 0 16151 22262 15913 13678 
30622 52805 47335 41405 46848 38271 48708 40041 48699 41471 49014 43500 54686 18830 17383 15900 17259 16642 16410 13746 17872 16151 0 17734 13031 11639 
25730 67301 28116 56529 60642 44655 37346 48758 69698 56798 61766 48240 64017 23689 23697 20718 22780 21416 22905 19708 25277 22262 17734 0 18994 18293 
25222 55431 20572 44369 71206 33838 26376 36751 44588 40224 46373 32966 49489 16859 17550 15480 17495 17848 16715 14512 18293 15913 13031 18994 0 11877 
18677 50225 18909 38742 38596 29486 24539 31964 40712 55578 46722 32395 40783 15359 15109 12599 14669 14329 14375 12637 14867 13678 11639 18293 11877 0 
pid 0: ec=2600148 cpucost=5281984.000000
pid 1: ec=2870399 cpucost=4786295.000000
pid 2: ec=2434968 cpucost=4766748.000000
pid 3: ec=2680465 cpucost=4934653.000000
pid 4: ec=2629219 cpucost=4780205.000000
pid 5: ec=2776382 cpucost=4766382.000000
pid 6: ec=2700118 cpucost=4775516.000000
pid 7: ec=2574602 cpucost=4780862.000000
pid 8: ec=2894507 cpucost=5050115.000000
pid 9: ec=2554964 cpucost=4786720.000000
pid 10: ec=2762841 cpucost=4779549.000000
pid 11: ec=2620220 cpucost=4772318.000000
pid 12: ec=2802993 cpucost=4784379.000000
pid 13: ec=892720 cpucost=1730316.000000
pid 14: ec=926799 cpucost=1730615.000000
pid 15: ec=800396 cpucost=1737550.000000
pid 16: ec=894694 cpucost=1730346.000000
pid 17: ec=842648 cpucost=1733514.000000
pid 18: ec=854778 cpucost=1733054.000000
pid 19: ec=770521 cpucost=1738165.000000
pid 20: ec=940168 cpucost=1729468.000000
pid 21: ec=849788 cpucost=1734034.000000
pid 22: ec=776002 cpucost=1759552.000000
pid 23: ec=927069 cpucost=1729847.000000
pid 24: ec=721972 cpucost=1761852.000000
pid 25: ec=636759 cpucost=1808435.000000
src/core/graphknife.cpp(Start:332): Max Edge Cuts=2894507, Min Edge Cuts=636759
src/core/graphknife.cpp(Start:333): Get EdgeCuts Ratio costs 278.022709s
src/core/graphknife.cpp(Start:334): EdgeNumber: 85702474, EdgeCuts: 45736140
src/core/graphknife.cpp(Start:335): EdgeCuts ratio= 53.366184%, EdgeCuts ratio2= 53.366184%
src/core/graphknife.cpp(Start:336): Vertex_BF= 1.324476, VCPULoad_BF= 1.324476
src/core/graphknife.cpp(Start:337): Edge_BF= 1.602423, ECPULoad_BF= 1.602423
src/core/graphknife.cpp(Start:338): TotalMinIoCost= 830791760.000000[remap=false]
src/core/graphknife.cpp(Start:339): MaxVertexCpuCost= 246893.000000, MaxEdgeCpuCost= 5281984.000000
src/core/graphknife.cpp(Start:340): MaxIoCost = 44403610.000000, MinIoCosst=19102770.000000, bf=2.324459
src/core/graphknife.cpp(Start:341): MaxVertexTotalMixCost= 44625170.000000, MaxEdgeTotalMixCost= 49189905.000000
