src/core/graphknife.cpp(ProcessOptions:185): Options:
	graphpath=/home/hadoop/simon/dataset/LJ/soc-LiveJournal.undir.elist.rand
	config=config/homo_26
	npart=26
	haspartitioned=1
	partitionedgraph=partition/LJ/rand-stream//livejournal_homo_26.eb.hiob.5.fc70.gama2.part
	isvertexbalance=1
	htype=2
	wtype=0
	edgecuts=1
	scoretype=1
	usefennel=0
	iocpufactor=0.000000
	gama=0.000000

src/core/graphknife.cpp(Start:221): vertexnum=4846609 edgenum=85702474

src/core/graphknife.cpp(Start:269): Partition Processing costs 42.053447s
src/util/filereader.cpp(GetCutsRatio:340): Edge Balacne factor (with in/out edge): 2.001414
src/core/graphknife.cpp(Start:290): edgenum = 85702474, edgenum_ = 85702474
Detailed edge-cut info:
0 91897 63087 61888 163321 64048 57603 172410 78704 77502 150914 97383 47568 188624 96701 58261 94690 361769 67042 54394 46308 47132 64100 53734 57037 109969 
91897 0 84095 96680 88232 88781 96568 85078 91025 90295 84945 91259 90229 69138 89096 96046 92295 85855 96623 86078 83707 78499 100076 92547 73607 83321 
63087 84095 0 85457 69729 80828 106148 71804 76164 75969 73391 78512 103127 62640 74681 73797 80277 64883 84840 76180 91647 72322 88078 95526 83546 72794 
61888 96680 85457 0 81674 103050 114488 82100 103183 87486 79965 93254 96920 63471 85104 103728 96048 48386 117384 93459 96574 87092 117040 96496 99816 83188 
163321 88232 69729 81674 0 78220 80030 100273 80421 89116 106820 87138 77326 125426 76375 82849 81313 167630 87684 75338 72333 66166 74208 83109 70695 82038 
64048 88781 80828 103050 78220 0 97109 76292 88093 84100 77264 85131 96010 69939 85318 92585 89725 60944 105428 89970 86814 101388 87662 94356 76466 82888 
57603 96568 106148 114488 80030 97109 0 80722 90884 87172 79886 87990 135368 64444 90620 97746 96354 39783 108505 90084 109591 86553 112314 117786 95428 83025 
172410 85078 71804 82100 100273 76292 80722 0 76917 72669 84638 86575 71764 97576 79896 72241 90089 207101 77615 70889 65946 63032 89221 73273 62742 82055 
78704 91025 76164 103183 80421 88093 90884 76917 0 92626 76550 86469 90404 62049 94307 104758 95177 51211 96553 86488 83777 81568 83566 89273 75785 81347 
77502 90295 75969 87486 89116 84100 87172 72669 92626 0 75051 83508 85400 60595 104909 95162 89517 42356 90751 88600 89960 77376 83738 94064 82470 76999 
150914 84945 73391 79965 106820 77264 79886 84638 76550 75051 0 85765 70964 93581 89166 83620 79108 144751 79036 72570 74673 66359 72264 74453 76734 82423 
97383 91259 78512 93254 87138 85131 87990 86575 86469 83508 85765 0 91679 83081 85384 102975 89566 92762 103999 85993 82663 78183 81110 85978 76960 89010 
47568 90229 103127 96920 77326 96010 135368 71764 90404 85400 70964 91679 0 49855 87839 95471 87086 36597 100666 91140 88215 87142 94693 95266 73698 74740 
188624 69138 62640 63471 125426 69939 64444 97576 62049 60595 93581 83081 49855 0 61408 55591 60834 311961 71518 63837 72092 46245 52485 65512 114806 106820 
96701 89096 74681 85104 76375 85318 90620 79896 94307 104909 89166 85384 87839 61408 0 92101 88783 67796 92411 83970 82134 74877 86947 84401 73207 80516 
58261 96046 73797 103728 82849 92585 97746 72241 104758 95162 83620 102975 95471 55591 92101 0 107590 38281 101899 103629 93921 89618 84277 96984 103302 88976 
94690 92295 80277 96048 81313 89725 96354 90089 95177 89517 79108 89566 87086 60834 88783 107590 0 63876 102580 89089 87454 85591 97101 93586 74485 85543 
361769 85855 64883 48386 167630 60944 39783 207101 51211 42356 144751 92762 36597 311961 67796 38281 63876 0 59373 44113 35163 33088 47769 39017 47223 139682 
67042 96623 84840 117384 87684 105428 108505 77615 96553 90751 79036 103999 100666 71518 92411 101899 102580 59373 0 93187 90455 86029 108231 93608 75342 83235 
54394 86078 76180 93459 75338 89970 90084 70889 86488 88600 72570 85993 91140 63837 83970 103629 89089 44113 93187 0 91281 81113 81832 93501 84524 89918 
46308 83707 91647 96574 72333 86814 109591 65946 83777 89960 74673 82663 88215 72092 82134 93921 87454 35163 90455 91281 0 77289 84086 103380 99318 76434 
47132 78499 72322 87092 66166 101388 86553 63032 81568 77376 66359 78183 87142 46245 74877 89618 85591 33088 86029 81113 77289 0 82268 84719 66067 69557 
64100 100076 88078 117040 74208 87662 112314 89221 83566 83738 72264 81110 94693 52485 86947 84277 97101 47769 108231 81832 84086 82268 0 89038 70557 73348 
53734 92547 95526 96496 83109 94356 117786 73273 89273 94064 74453 85978 95266 65512 84401 96984 93586 39017 93608 93501 103380 84719 89038 0 110909 78618 
57037 73607 83546 99816 70695 76466 95428 62742 75785 82470 76734 76960 73698 114806 73207 103302 74485 47223 75342 84524 99318 66067 70557 110909 0 71842 
109969 83321 72794 83188 82038 82888 83025 82055 81347 76999 82423 89010 74740 106820 80516 88976 85543 139682 83235 89918 76434 69557 73348 78618 71842 0 
pid 0: ec=2426086 cpucost=3296452.000000
pid 1: ec=2205972 cpucost=3296062.000000
pid 2: ec=1989522 cpucost=3296394.000000
pid 3: ec=2273931 cpucost=3296077.000000
pid 4: ec=2247464 cpucost=3296144.000000
pid 5: ec=2142409 cpucost=3296083.000000
pid 6: ec=2306201 cpucost=3296195.000000
pid 7: ec=2192918 cpucost=3296208.000000
pid 8: ec=2117299 cpucost=3296021.000000
pid 9: ec=2077391 cpucost=3296085.000000
pid 10: ec=2134891 cpucost=3296101.000000
pid 11: ec=2192327 cpucost=3296157.000000
pid 12: ec=2119167 cpucost=3296095.000000
pid 13: ec=2173528 cpucost=3296052.000000
pid 14: ec=2107947 cpucost=3296193.000000
pid 15: ec=2215408 cpucost=3296198.000000
pid 16: ec=2197757 cpucost=3296171.000000
pid 17: ec=2331370 cpucost=3298580.000000
pid 18: ec=2273994 cpucost=3296174.000000
pid 19: ec=2061177 cpucost=3296025.000000
pid 20: ec=2065215 cpucost=3296217.000000
pid 21: ec=1869273 cpucost=3296087.000000
pid 22: ec=2106009 cpucost=3296205.000000
pid 23: ec=2179134 cpucost=3296052.000000
pid 24: ec=1996566 cpucost=3296408.000000
pid 25: ec=2128286 cpucost=3296038.000000
src/core/graphknife.cpp(Start:332): Max Edge Cuts=2426086, Min Edge Cuts=1869273
src/core/graphknife.cpp(Start:333): Get EdgeCuts Ratio costs 313.330024s
src/core/graphknife.cpp(Start:334): EdgeNumber: 85702474, EdgeCuts: 56131242
src/core/graphknife.cpp(Start:335): EdgeCuts ratio= 65.495474%, EdgeCuts ratio2= 65.495474%
src/core/graphknife.cpp(Start:336): Vertex_BF= 1.193559, VCPULoad_BF= 1.193559
src/core/graphknife.cpp(Start:337): Edge_BF= 1.000707, ECPULoad_BF= 1.000707
src/core/graphknife.cpp(Start:338): TotalMinIoCost= 56131242.000000[remap=false]
src/core/graphknife.cpp(Start:339): MaxVertexCpuCost= 222489.000000, MaxEdgeCpuCost= 3298580.000000
src/core/graphknife.cpp(Start:340): MaxIoCost = 2426086.000000, MinIoCosst=1869273.000000, bf=1.297877
src/core/graphknife.cpp(Start:341): MaxVertexTotalMixCost= 2538651.000000, MaxEdgeTotalMixCost= 5722538.000000
