src/core/graphknife.cpp(ProcessOptions:185): Options:
	graphpath=/home/hadoop/simon/dataset/LJ/soc-LiveJournal.undir.elist.rand
	config=config/heter_config_26_11_1030
	npart=26
	haspartitioned=1
	partitionedgraph=partition/LJ/rand-stream//livejournal_heter_config_26_11_1030.eb.hiob.5.fc0.7.gama1.part
	isvertexbalance=1
	htype=2
	wtype=0
	edgecuts=1
	scoretype=1
	usefennel=0
	iocpufactor=0.000000
	gama=0.000000

src/core/graphknife.cpp(Start:221): vertexnum=4846609 edgenum=85702474

src/core/graphknife.cpp(Start:269): Partition Processing costs 40.990045s
src/util/filereader.cpp(GetCutsRatio:340): Edge Balacne factor (with in/out edge): 10.717911
src/core/graphknife.cpp(Start:290): edgenum = 85702474, edgenum_ = 85702474
Detailed edge-cut info:
0 61553 120248 76309 332672 67431 78722 103641 146441 79563 49561 76410 85073 15011 12678 47697 15260 15723 13957 15975 18398 16168 14420 16398 20939 17216 
61553 0 97059 68454 357301 66059 70097 92134 138299 70340 47256 72428 81481 14501 17749 15236 14957 16202 14020 16664 15955 13148 13964 14198 15500 17646 
120248 97059 0 122699 443938 220664 138768 163673 225691 263628 483932 147500 159556 38749 44565 43875 45759 48498 53790 38676 43284 53177 47873 48795 46196 46244 
76309 68454 122699 0 398924 79668 86276 115588 194226 87197 63558 86627 109852 16662 17440 16614 17865 18348 16912 18629 19319 16685 16952 19423 18553 19371 
332672 357301 443938 398924 0 394910 441476 584914 755034 425638 266527 469779 507487 78825 76428 81498 82090 86449 74802 87136 82957 76910 75852 81935 83585 92910 
67431 66059 220664 79668 394910 0 84269 94264 196101 84585 61353 81003 105745 16532 15688 16779 16066 18193 16198 16568 18031 15208 15023 17378 17736 19234 
78722 70097 138768 86276 441476 84269 0 109854 226482 88152 56713 108267 109867 17479 18029 18753 19908 19841 17675 19840 23013 18194 17088 18546 17804 21832 
103641 92134 163673 115588 584914 94264 109854 0 213576 121542 78697 120582 123289 23881 23383 25295 24143 24745 24762 27595 23537 24999 21715 23593 24675 25156 
146441 138299 225691 194226 755034 196101 226482 213576 0 201987 127647 219732 279428 46252 40310 44706 42692 43082 45051 43973 43360 39313 38044 42531 41384 51838 
79563 70340 263628 87197 425638 84585 88152 121542 201987 0 61466 88593 108635 18374 16667 19500 20970 20507 17287 20588 19759 17999 15730 20001 20422 20691 
49561 47256 483932 63558 266527 61353 56713 78697 127647 61466 0 59570 68256 12752 12514 13484 13967 14971 12391 14339 13437 13810 11607 14170 14669 13515 
76410 72428 147500 86627 469779 81003 108267 120582 219732 88593 59570 0 112063 17264 17832 19197 22977 20588 19069 20730 19823 18897 19075 21160 19261 25199 
85073 81481 159556 109852 507487 105745 109867 123289 279428 108635 68256 112063 0 22186 22134 23560 24418 24581 21360 26601 22281 22946 21157 22443 22845 26532 
15011 14501 38749 16662 78825 16532 17479 23881 46252 18374 12752 17264 22186 0 3173 2690 3146 3317 3096 4278 3409 3401 2506 2666 2974 3469 
12678 17749 44565 17440 76428 15688 18029 23383 40310 16667 12514 17832 22134 3173 0 3004 3027 2881 2397 3732 23099 2545 2498 3006 3719 3234 
47697 15236 43875 16614 81498 16779 18753 25295 44706 19500 13484 19197 23560 2690 3004 0 3065 3778 3819 3763 3569 3231 2385 3082 3244 3420 
15260 14957 45759 17865 82090 16066 19908 24143 42692 20970 13967 22977 24418 3146 3027 3065 0 3078 2853 3544 3397 3123 3077 3313 3230 3430 
15723 16202 48498 18348 86449 18193 19841 24745 43082 20507 14971 20588 24581 3317 2881 3778 3078 0 3376 3388 3345 3659 3489 3290 3893 3971 
13957 14020 53790 16912 74802 16198 17675 24762 45051 17287 12391 19069 21360 3096 2397 3819 2853 3376 0 3293 3221 3023 2721 3432 3489 3286 
15975 16664 38676 18629 87136 16568 19840 27595 43973 20588 14339 20730 26601 4278 3732 3763 3544 3388 3293 0 3590 3530 3043 3396 3916 3895 
18398 15955 43284 19319 82957 18031 23013 23537 43360 19759 13437 19823 22281 3409 23099 3569 3397 3345 3221 3590 0 2939 3100 3315 3877 3412 
16168 13148 53177 16685 76910 15208 18194 24999 39313 17999 13810 18897 22946 3401 2545 3231 3123 3659 3023 3530 2939 0 3873 16013 3044 4546 
14420 13964 47873 16952 75852 15023 17088 21715 38044 15730 11607 19075 21157 2506 2498 2385 3077 3489 2721 3043 3100 3873 0 2464 2988 2963 
16398 14198 48795 19423 81935 17378 18546 23593 42531 20001 14170 21160 22443 2666 3006 3082 3313 3290 3432 3396 3315 16013 2464 0 3966 3216 
20939 15500 46196 18553 83585 17736 17804 24675 41384 20422 14669 19261 22845 2974 3719 3244 3230 3893 3489 3916 3877 3044 2988 3966 0 3234 
17216 17646 46244 19371 92910 19234 21832 25156 51838 20691 13515 25199 26532 3469 3234 3420 3430 3971 3286 3895 3412 4546 2963 3216 3234 0 
pid 0: ec=1517464 cpucost=2928470.000000
pid 1: ec=1422201 cpucost=2740691.000000
pid 2: ec=3186837 cpucost=17664451.000000
pid 3: ec=1722151 cpucost=3164341.000000
pid 4: ec=6439977 cpucost=13613243.000000
pid 5: ec=1754686 cpucost=3384854.000000
pid 6: ec=1846945 cpucost=3714985.000000
pid 7: ec=2239233 cpucost=4513531.000000
pid 8: ec=3487180 cpucost=7885550.000000
pid 9: ec=1929821 cpucost=3414583.000000
pid 10: ec=1600162 cpucost=3085910.000000
pid 11: ec=1903626 cpucost=3816956.000000
pid 12: ec=2153776 cpucost=4134556.000000
pid 13: ec=376593 cpucost=935627.000000
pid 14: ec=391732 cpucost=1018258.000000
pid 15: ec=425244 cpucost=1174374.000000
pid 16: ec=399355 cpucost=833821.000000
pid 17: ec=413193 cpucost=735141.000000
pid 18: ec=385280 cpucost=752490.000000
pid 19: ec=410682 cpucost=820254.000000
pid 20: ec=423427 cpucost=1270781.000000
pid 21: ec=400381 cpucost=785353.000000
pid 22: ec=363607 cpucost=620853.000000
pid 23: ec=411730 cpucost=919570.000000
pid 24: ec=405143 cpucost=905023.000000
pid 25: ec=439460 cpucost=868808.000000
src/core/graphknife.cpp(Start:332): Max Edge Cuts=6439977, Min Edge Cuts=363607
src/core/graphknife.cpp(Start:333): Get EdgeCuts Ratio costs 256.162185s
src/core/graphknife.cpp(Start:334): EdgeNumber: 85702474, EdgeCuts: 36449886
src/core/graphknife.cpp(Start:335): EdgeCuts ratio= 42.530728%, EdgeCuts ratio2= 42.530728%
src/core/graphknife.cpp(Start:336): Vertex_BF= 3.135804, VCPULoad_BF= 3.135804
src/core/graphknife.cpp(Start:337): Edge_BF= 5.358955, ECPULoad_BF= 5.358955
src/core/graphknife.cpp(Start:338): TotalMinIoCost= 562777380.000000[remap=false]
src/core/graphknife.cpp(Start:339): MaxVertexCpuCost= 584539.000000, MaxEdgeCpuCost= 17664451.000000
src/core/graphknife.cpp(Start:340): MaxIoCost = 85627310.000000, MinIoCosst=10908210.000000, bf=7.849804
src/core/graphknife.cpp(Start:341): MaxVertexTotalMixCost= 86211849.000000, MaxEdgeTotalMixCost= 99240553.000000
