src/core/graphknife.cpp(ProcessOptions:185): Options:
	graphpath=/home/hadoop/simon/dataset/LJ/soc-LiveJournal.undir.elist.rand
	config=config/homo_26
	npart=26
	haspartitioned=1
	partitionedgraph=partition/LJ/rand-stream//livejournal_homo_26.eb.hiob.5.fc0.7.gama1.5.part
	isvertexbalance=1
	htype=2
	wtype=0
	edgecuts=1
	scoretype=1
	usefennel=0
	iocpufactor=0.000000
	gama=0.000000

src/core/graphknife.cpp(Start:221): vertexnum=4846609 edgenum=85702474

src/core/graphknife.cpp(Start:269): Partition Processing costs 42.834437s
src/util/filereader.cpp(GetCutsRatio:340): Edge Balacne factor (with in/out edge): 2.013517
src/core/graphknife.cpp(Start:290): edgenum = 85702474, edgenum_ = 85702474
Detailed edge-cut info:
0 99186 49479 45409 67487 40560 45365 40101 35247 34476 189774 107005 53817 42060 119568 53975 40346 47146 67283 54363 57080 41934 38986 304192 88731 70527 
99186 0 63032 79356 67144 85757 69991 76503 66013 66832 76984 98683 71523 65332 87510 96112 67174 63754 71785 76754 65451 61084 66229 124691 70220 77086 
49479 63032 0 88557 62165 72554 63156 74917 70903 64617 66144 59894 79860 73850 57698 54218 69232 57982 76319 74130 62172 60488 65666 49896 65909 85456 
45409 79356 88557 0 94187 90141 94461 102365 103400 91688 40007 54361 121834 89368 54520 71969 109618 87253 93743 91190 95649 98620 87343 24801 80021 87426 
67487 67144 62165 94187 0 68511 86746 70039 73303 68696 81629 53841 70633 67202 67700 62665 71286 89295 70108 76145 74315 69167 64042 59291 71029 68205 
40560 85757 72554 90141 68511 0 95833 92705 82575 77322 42968 52667 83125 76735 51454 102041 74396 58617 83642 90475 78934 72854 79144 30586 77230 82140 
45365 69991 63156 94461 86746 95833 0 113227 74192 77122 41070 49185 77835 69940 47552 148659 82394 70055 69209 92189 82207 74345 69741 34182 78225 70020 
40101 76503 74917 102365 70039 92705 113227 0 85773 82901 47724 49467 92775 79972 56018 87961 81740 68003 83744 90203 78611 73817 80863 26462 76958 80862 
35247 66013 70903 103400 73303 82575 74192 85773 0 74114 39447 43187 83758 88176 46780 60011 82418 63979 71461 82323 75404 71140 76362 21522 74714 75287 
34476 66832 64617 91688 68696 77322 77122 82901 74114 0 40731 45996 78025 76985 44760 59485 74490 65223 75493 78935 68505 70016 90714 27182 77864 73029 
189774 76984 66144 40007 81629 42968 41070 47724 39447 40731 0 103112 48418 45281 155172 51465 44775 46161 74255 58174 58533 43871 40695 253696 51022 70835 
107005 98683 59894 54361 53841 52667 49185 49467 43187 45996 103112 0 48523 56029 129364 65297 44062 44419 64775 54760 58328 45190 45623 314905 49029 97077 
53817 71523 79860 121834 70633 83125 77835 92775 83758 78025 48418 48523 0 78696 48566 64882 91288 72550 81107 85377 75805 100871 74858 22621 75896 78210 
42060 65332 73850 89368 67202 76735 69940 79972 88176 76985 45281 56029 78696 0 49414 57816 72607 68021 73399 82824 70460 72488 70564 38352 71920 70151 
119568 87510 57698 54520 67700 51454 47552 56018 46780 44760 155172 129364 48566 49414 0 56053 47214 55100 65753 54928 53012 46971 47677 244962 53379 70537 
53975 96112 54218 71969 62665 102041 148659 87961 60011 59485 51465 65297 64882 57816 56053 0 59336 52423 61469 84976 76550 81636 54350 65525 76102 64134 
40346 67174 69232 109618 71286 74396 82394 81740 82418 74490 44775 44062 91288 72607 47214 59336 0 77864 78645 77730 73535 72565 71706 36895 67315 72968 
47146 63754 57982 87253 89295 58617 70055 68003 63979 65223 46161 44419 72550 68021 55100 52423 77864 0 64877 72962 64801 59777 61988 47503 71896 67025 
67283 71785 76319 93743 70108 83642 69209 83744 71461 75493 74255 64775 81107 73399 65753 61469 78645 64877 0 81733 81766 67484 70610 68880 73694 84444 
54363 76754 74130 91190 76145 90475 92189 90203 82323 78935 58174 54760 85377 82824 54928 84976 77730 72962 81733 0 80347 73913 77887 40936 78571 76452 
57080 65451 62172 95649 74315 78934 82207 78611 75404 68505 58533 58328 75805 70460 53012 76550 73535 64801 81766 80347 0 67174 64569 46001 72198 77070 
41934 61084 60488 98620 69167 72854 74345 73817 71140 70016 43871 45190 100871 72488 46971 81636 72565 59777 67484 73913 67174 0 65927 30459 69128 70104 
38986 66229 65666 87343 64042 79144 69741 80863 76362 90714 40695 45623 74858 70564 47677 54350 71706 61988 70610 77887 64569 65927 0 29640 69053 70331 
304192 124691 49896 24801 59291 30586 34182 26462 21522 27182 253696 314905 22621 38352 244962 65525 36895 47503 68880 40936 46001 30459 29640 0 37426 98765 
88731 70220 65909 80021 71029 77230 78225 76958 74714 77864 51022 49029 75896 71920 53379 76102 67315 71896 73694 78571 72198 69128 69053 37426 0 71813 
70527 77086 85456 87426 68205 82140 70020 80862 75287 73029 70835 97077 78210 70151 70537 64134 72968 67025 84444 76452 77070 70104 70331 98765 71813 0 
pid 0: ec=1834097 cpucost=3301767.000000
pid 1: ec=1914186 cpucost=3294498.000000
pid 2: ec=1668294 cpucost=3294570.000000
pid 3: ec=2077287 cpucost=3297491.000000
pid 4: ec=1774831 cpucost=3294207.000000
pid 5: ec=1842966 cpucost=3295668.000000
pid 6: ec=1876901 cpucost=3295775.000000
pid 7: ec=1893711 cpucost=3295059.000000
pid 8: ec=1721489 cpucost=3294637.000000
pid 9: ec=1685201 cpucost=3294477.000000
pid 10: ec=1811943 cpucost=3299527.000000
pid 11: ec=1834779 cpucost=3296367.000000
pid 12: ec=1860853 cpucost=3294447.000000
pid 13: ec=1707642 cpucost=3293952.000000
pid 14: ec=1811662 cpucost=3295124.000000
pid 15: ec=1769110 cpucost=3295376.000000
pid 16: ec=1741599 cpucost=3294185.000000
pid 17: ec=1598674 cpucost=3295990.000000
pid 18: ec=1855678 cpucost=3294242.000000
pid 19: ec=1888277 cpucost=3294463.000000
pid 20: ec=1758477 cpucost=3294269.000000
pid 21: ec=1661023 cpucost=3294439.000000
pid 22: ec=1634568 cpucost=3294398.000000
pid 23: ec=2079371 cpucost=3318527.000000
pid 24: ec=1749343 cpucost=3294657.000000
pid 25: ec=1909954 cpucost=3294362.000000
src/core/graphknife.cpp(Start:332): Max Edge Cuts=2079371, Min Edge Cuts=1598674
src/core/graphknife.cpp(Start:333): Get EdgeCuts Ratio costs 290.991556s
src/core/graphknife.cpp(Start:334): EdgeNumber: 85702474, EdgeCuts: 46961916
src/core/graphknife.cpp(Start:335): EdgeCuts ratio= 54.796453%, EdgeCuts ratio2= 54.796453%
src/core/graphknife.cpp(Start:336): Vertex_BF= 1.400294, VCPULoad_BF= 1.400294
src/core/graphknife.cpp(Start:337): Edge_BF= 1.006759, ECPULoad_BF= 1.006759
src/core/graphknife.cpp(Start:338): TotalMinIoCost= 46961916.000000[remap=false]
src/core/graphknife.cpp(Start:339): MaxVertexCpuCost= 261026.000000, MaxEdgeCpuCost= 3318527.000000
src/core/graphknife.cpp(Start:340): MaxIoCost = 2079371.000000, MinIoCosst=1598674.000000, bf=1.300685
src/core/graphknife.cpp(Start:341): MaxVertexTotalMixCost= 2206946.000000, MaxEdgeTotalMixCost= 5397898.000000
