src/core/graphknife.cpp(ProcessOptions:185): Options:
	graphpath=/home/hadoop/simon/dataset/LJ/soc-LiveJournal.undir.elist.rand
	config=config/homo_26
	npart=26
	haspartitioned=1
	partitionedgraph=partition/LJ/rand-stream//livejournal_homo_26.eb.hiob.5.fc0.7.gama1.25.part
	isvertexbalance=1
	htype=2
	wtype=0
	edgecuts=1
	scoretype=1
	usefennel=0
	iocpufactor=0.000000
	gama=0.000000

src/core/graphknife.cpp(Start:221): vertexnum=4846609 edgenum=85702474

src/core/graphknife.cpp(Start:269): Partition Processing costs 42.393761s
src/util/filereader.cpp(GetCutsRatio:340): Edge Balacne factor (with in/out edge): 3.545819
src/core/graphknife.cpp(Start:290): edgenum = 85702474, edgenum_ = 85702474
Detailed edge-cut info:
0 108490 53704 73653 90195 63571 69097 60507 56853 66888 66424 75068 75402 149348 69303 83141 76720 76823 69064 65063 65935 64621 68223 67262 61046 60602 
108490 0 36727 36880 110088 46106 50359 41618 45531 44030 95185 53844 41929 508458 82268 49848 133132 133750 64004 46612 40302 102473 61461 40285 38274 48983 
53704 36727 0 71946 58332 59003 56845 64743 51859 63300 83665 61666 78756 38952 54484 73489 50653 40780 57311 55541 65954 54266 65227 68256 88146 48418 
73653 36880 71946 0 74391 83400 83923 83760 78427 74014 59030 84111 153504 33932 66470 105245 57550 44833 74438 86048 101106 61988 89443 91029 79752 68898 
90195 110088 58332 74391 0 66925 63266 63481 54703 66045 63474 62304 64634 106237 68838 79342 87173 76408 72775 64397 66062 71986 74927 71857 76047 60158 
63571 46106 59003 83400 66925 0 70218 68811 61890 71863 43565 68285 81296 51613 64085 88701 57510 51695 67926 66149 74435 56117 69808 76113 72552 59160 
69097 50359 56845 83923 63266 70218 0 64893 61611 67029 48938 65251 89116 57561 62335 83456 58792 66098 70608 65158 69361 54795 64500 72341 69134 77847 
60507 41618 64743 83760 63481 68811 64893 0 56613 67080 50593 72846 80493 52153 56386 86337 58335 46520 63507 67275 75616 53756 63949 77683 78478 56677 
56853 45531 51859 78427 54703 61890 61611 56613 0 67044 42292 54367 85295 64344 47610 69375 63798 45897 56000 58308 77331 62586 63897 65603 56960 49936 
66888 44030 63300 74014 66045 71863 67029 67080 67044 0 43742 65719 86109 75303 63515 88367 60112 48267 74420 69149 77438 59625 72075 78299 69639 57125 
66424 95185 83665 59030 63474 43565 48938 50593 42292 43742 0 69683 70634 129931 51275 46946 63563 53647 55421 47371 55217 58145 56870 54334 158298 41084 
75068 53844 61666 84111 62304 68285 65251 72846 54367 65719 69683 0 75419 40128 61576 80709 51557 45558 66099 64846 72219 57770 61441 74781 96995 60108 
75402 41929 78756 153504 64634 81296 89116 80493 85295 86109 70634 75419 0 39933 60242 94172 54394 50128 69367 76200 99952 68068 118206 96536 84697 67750 
149348 508458 38952 33932 106237 51613 57561 52153 64344 75303 129931 40128 39933 0 76095 42332 202416 375973 72214 53687 44317 183486 102625 31245 21911 81977 
69303 82268 54484 66470 68838 64085 62335 56386 47610 63515 51275 61576 60242 76095 0 82564 60052 55982 67137 91395 60649 62752 57339 77472 68321 52817 
83141 49848 73489 105245 79342 88701 83456 86337 69375 88367 46946 80709 94172 42332 82564 0 69979 55561 82790 89172 84494 64070 78624 98630 96105 75998 
76720 133132 50653 57550 87173 57510 58792 58335 63798 60112 63563 51557 54394 202416 60052 69979 0 83454 69679 58015 59355 69912 61384 58501 59372 59891 
76823 133750 40780 44833 76408 51695 66098 46520 45897 48267 53647 45558 50128 375973 55982 55561 83454 0 53530 46720 48684 63923 50369 48527 47059 59785 
69064 64004 57311 74438 72775 67926 70608 63507 56000 74420 55421 66099 69367 72214 67137 82790 69679 53530 0 67213 66303 59289 63293 76009 78172 55917 
65063 46612 55541 86048 64397 66149 65158 67275 58308 69149 47371 64846 76200 53687 91395 89172 58015 46720 67213 0 71854 53185 63487 76565 70705 56920 
65935 40302 65954 101106 66062 74435 69361 75616 77331 77438 55217 72219 99952 44317 60649 84494 59355 48684 66303 71854 0 58781 76778 82310 79275 57691 
64621 102473 54266 61988 71986 56117 54795 53756 62586 59625 58145 57770 68068 183486 62752 64070 69912 63923 59289 53185 58781 0 55086 58335 71417 58108 
68223 61461 65227 89443 74927 69808 64500 63949 63897 72075 56870 61441 118206 102625 57339 78624 61384 50369 63293 63487 76778 55086 0 75290 66154 57776 
67262 40285 68256 91029 71857 76113 72341 77683 65603 78299 54334 74781 96536 31245 77472 98630 58501 48527 76009 76565 82310 58335 75290 0 87096 65965 
61046 38274 88146 79752 76047 72552 69134 78478 56960 69639 158298 96995 84697 21911 68321 96105 59372 47059 78172 70705 79275 71417 66154 87096 0 63062 
60602 48983 48418 68898 60158 59160 77847 56677 49936 57125 41084 60108 67750 81977 52817 75998 59891 59785 55917 56920 57691 58108 57776 65965 63062 0 
pid 0: ec=1837003 cpucost=3145683.000000
pid 1: ec=2060637 cpucost=3316661.000000
pid 2: ec=1502023 cpucost=3146185.000000
pid 3: ec=1917771 cpucost=3505757.000000
pid 4: ec=1814045 cpucost=3146751.000000
pid 5: ec=1640797 cpucost=3147209.000000
pid 6: ec=1662532 cpucost=3146918.000000
pid 7: ec=1612110 cpucost=3147060.000000
pid 8: ec=1498130 cpucost=3150214.000000
pid 9: ec=1676197 cpucost=3146133.000000
pid 10: ec=1609327 cpucost=3276411.000000
pid 11: ec=1642350 cpucost=3147288.000000
pid 12: ec=1962232 cpucost=3329216.000000
pid 13: ec=2636171 cpucost=5843951.000000
pid 14: ec=1620962 cpucost=3146846.000000
pid 15: ec=1949447 cpucost=3299331.000000
pid 16: ec=1785299 cpucost=3147225.000000
pid 17: ec=1769971 cpucost=3145571.000000
pid 18: ec=1672486 cpucost=3146458.000000
pid 19: ec=1631035 cpucost=3146989.000000
pid 20: ec=1731419 cpucost=3146955.000000
pid 21: ec=1684540 cpucost=3146020.000000
pid 22: ec=1738232 cpucost=3147232.000000
pid 23: ec=1770324 cpucost=3147378.000000
pid 24: ec=1838667 cpucost=3340251.000000
pid 25: ec=1502653 cpucost=3146781.000000
src/core/graphknife.cpp(Start:332): Max Edge Cuts=2636171, Min Edge Cuts=1498130
src/core/graphknife.cpp(Start:333): Get EdgeCuts Ratio costs 294.375232s
src/core/graphknife.cpp(Start:334): EdgeNumber: 85702474, EdgeCuts: 45766360
src/core/graphknife.cpp(Start:335): EdgeCuts ratio= 53.401446%, EdgeCuts ratio2= 53.401446%
src/core/graphknife.cpp(Start:336): Vertex_BF= 1.263400, VCPULoad_BF= 1.263400
src/core/graphknife.cpp(Start:337): Edge_BF= 1.772909, ECPULoad_BF= 1.772909
src/core/graphknife.cpp(Start:338): TotalMinIoCost= 45766360.000000[remap=false]
src/core/graphknife.cpp(Start:339): MaxVertexCpuCost= 235508.000000, MaxEdgeCpuCost= 5843951.000000
src/core/graphknife.cpp(Start:340): MaxIoCost = 2636171.000000, MinIoCosst=1498130.000000, bf=1.759641
src/core/graphknife.cpp(Start:341): MaxVertexTotalMixCost= 2679424.000000, MaxEdgeTotalMixCost= 8480122.000000
