src/core/graphknife.cpp(ProcessOptions:185): Options:
	graphpath=/home/hadoop/simon/dataset/LJ/soc-LiveJournal.undir.elist.rand
	config=config/heter_config_26_11_1030
	npart=26
	haspartitioned=1
	partitionedgraph=partition/LJ/rand-stream//livejournal_heter_config_26_11_1030.eb.hiob.5.fc70.gama2.part
	isvertexbalance=1
	htype=2
	wtype=0
	edgecuts=1
	scoretype=1
	usefennel=0
	iocpufactor=0.000000
	gama=0.000000

src/core/graphknife.cpp(Start:221): vertexnum=4846609 edgenum=85702474

src/core/graphknife.cpp(Start:269): Partition Processing costs 43.941151s
src/util/filereader.cpp(GetCutsRatio:340): Edge Balacne factor (with in/out edge): 2.004181
src/core/graphknife.cpp(Start:290): edgenum = 85702474, edgenum_ = 85702474
Detailed edge-cut info:
0 80906 109932 56889 79994 63323 130101 163347 83980 108120 96947 91844 121581 88442 84973 83268 78602 79859 87662 81436 87101 81295 77098 81860 71537 61370 
80906 0 77965 196704 73068 131987 90659 91677 132893 91102 91435 115475 92367 65552 62784 72119 61272 61330 61424 75036 64182 63527 66146 61684 60805 58078 
109932 77965 0 52688 117538 50399 96431 75093 71492 105450 106827 74481 94060 66073 64339 62155 58035 60355 68752 62929 67806 64849 62300 63835 60138 50018 
56889 196704 52688 0 72407 388134 140678 108268 229425 107469 29922 221520 67534 27753 24387 23634 23144 24747 24713 28422 24073 25575 35325 24621 24147 25853 
79994 73068 117538 72407 0 42247 76982 75272 66872 124014 177026 69961 97301 68925 63674 64670 60154 67109 74686 70896 66487 59060 56699 65377 82041 47447 
63323 131987 50399 388134 42247 0 195420 142524 316299 99026 39300 203572 80016 31799 27541 27168 26481 27963 25942 27691 25110 28325 42392 24920 26407 27304 
130101 90659 96431 140678 76982 195420 0 123921 105716 95315 84910 100785 115967 71216 64366 68874 60202 62302 67542 61705 69018 68713 67061 64062 59791 50523 
163347 91677 75093 108268 75272 142524 123921 0 96678 110416 87923 73681 105791 85190 87124 91668 76907 77504 81779 79156 77987 79328 80239 81009 74836 63738 
83980 132893 71492 229425 66872 316299 105716 96678 0 102686 58883 191007 116701 46640 46362 44758 40575 44856 45242 42178 43745 59773 62723 43916 41305 42082 
108120 91102 105450 107469 124014 99026 95315 110416 102686 0 136742 93449 88074 78456 81742 77366 74224 71250 76340 72944 74118 74404 72881 75631 69190 63449 
96947 91435 106827 29922 177026 39300 84910 87923 58883 136742 0 59623 105736 80912 73092 74480 77746 70502 78968 71893 76618 75536 72243 77336 71887 62325 
91844 115475 74481 221520 69961 203572 100785 73681 191007 93449 59623 0 97815 48341 47888 45036 44033 42785 46172 41649 45456 44952 70208 45091 44267 39450 
121581 92367 94060 67534 97301 80016 115967 105791 116701 88074 105736 97815 0 73020 71337 73771 64962 64587 69877 66309 72015 67973 63733 66828 61707 57188 
88442 65552 66073 27753 68925 31799 71216 85190 46640 78456 80912 48341 73020 0 91153 91240 82689 86805 90293 84956 89634 88863 84648 87774 79131 65006 
84973 62784 64339 24387 63674 27541 64366 87124 46362 81742 73092 47888 71337 91153 0 94155 82291 82388 87675 80071 85064 88042 79679 83044 71965 63030 
83268 72119 62155 23634 64670 27168 68874 91668 44758 77366 74480 45036 73771 91240 94155 0 80302 87233 87098 80560 88496 87419 78813 84269 76163 62045 
78602 61272 58035 23144 60154 26481 60202 76907 40575 74224 77746 44033 64962 82689 82291 80302 0 82359 80856 75887 81975 79567 74097 81039 71336 79885 
79859 61330 60355 24747 67109 27963 62302 77504 44856 71250 70502 42785 64587 86805 82388 87233 82359 0 82024 74981 79144 79988 73892 79854 80503 60108 
87662 61424 68752 24713 74686 25942 67542 81779 45242 76340 78968 46172 69877 90293 87675 87098 80856 82024 0 81869 88729 83804 80057 83270 70822 62120 
81436 75036 62929 28422 70896 27691 61705 79156 42178 72944 71893 41649 66309 84956 80071 80560 75887 74981 81869 0 75643 78399 75156 77547 69173 58556 
87101 64182 67806 24073 66487 25110 69018 77987 43745 74118 76618 45456 72015 89634 85064 88496 81975 79144 88729 75643 0 85782 81949 81237 70349 61408 
81295 63527 64849 25575 59060 28325 68713 79328 59773 74404 75536 44952 67973 88863 88042 87419 79567 79988 83804 78399 85782 0 75045 80483 77591 63059 
77098 66146 62300 35325 56699 42392 67061 80239 62723 72881 72243 70208 63733 84648 79679 78813 74097 73892 80057 75156 81949 75045 0 75009 66468 56944 
81860 61684 63835 24621 65377 24920 64062 81009 43916 75631 77336 45091 66828 87774 83044 84269 81039 79854 83270 77547 81237 80483 75009 0 74813 61324 
71537 60805 60138 24147 82041 26407 59791 74836 41305 69190 71887 44267 61707 79131 71965 76163 71336 80503 70822 69173 70349 77591 66468 74813 0 56256 
61370 58078 50018 25853 47447 27304 50523 63738 42082 63449 62325 39450 57188 65006 63030 62045 79885 60108 62120 58556 61408 63059 56944 61324 56256 0 
pid 0: ec=2231467 cpucost=3300083.000000
pid 1: ec=2100177 cpucost=3298731.000000
pid 2: ec=1843940 cpucost=3298740.000000
pid 3: ec=2008032 cpucost=3301400.000000
pid 4: ec=1919907 cpucost=3299229.000000
pid 5: ec=2121290 cpucost=3303140.000000
pid 6: ec=2192260 cpucost=3298864.000000
pid 7: ec=2291056 cpucost=3299540.000000
pid 8: ec=2176787 cpucost=3301253.000000
pid 9: ec=2223858 cpucost=3298602.000000
pid 10: ec=2038812 cpucost=3299916.000000
pid 11: ec=1998541 cpucost=3299293.000000
pid 12: ec=2056250 cpucost=3300428.000000
pid 13: ec=1854511 cpucost=3292645.000000
pid 14: ec=1788166 cpucost=3292528.000000
pid 15: ec=1806760 cpucost=3292386.000000
pid 16: ec=1698620 cpucost=3292386.000000
pid 17: ec=1704428 cpucost=3292734.000000
pid 18: ec=1787716 cpucost=3292552.000000
pid 19: ec=1695042 cpucost=3292904.000000
pid 20: ec=1763126 cpucost=3292590.000000
pid 21: ec=1761352 cpucost=3292554.000000
pid 22: ec=1730805 cpucost=3292421.000000
pid 23: ec=1725833 cpucost=3292487.000000
pid 24: ec=1612628 cpucost=3292498.000000
pid 25: ec=1398566 cpucost=3292570.000000
src/core/graphknife.cpp(Start:332): Max Edge Cuts=2291056, Min Edge Cuts=1398566
src/core/graphknife.cpp(Start:333): Get EdgeCuts Ratio costs 304.049722s
src/core/graphknife.cpp(Start:334): EdgeNumber: 85702474, EdgeCuts: 49529930
src/core/graphknife.cpp(Start:335): EdgeCuts ratio= 57.792882%, EdgeCuts ratio2= 57.792882%
src/core/graphknife.cpp(Start:336): Vertex_BF= 1.815394, VCPULoad_BF= 1.815394
src/core/graphknife.cpp(Start:337): Edge_BF= 1.002091, ECPULoad_BF= 1.002091
src/core/graphknife.cpp(Start:338): TotalMinIoCost= 1144307380.000000[remap=false]
src/core/graphknife.cpp(Start:339): MaxVertexCpuCost= 338404.000000, MaxEdgeCpuCost= 3303140.000000
src/core/graphknife.cpp(Start:340): MaxIoCost = 55635330.000000, MinIoCosst=26808200.000000, bf=2.075310
src/core/graphknife.cpp(Start:341): MaxVertexTotalMixCost= 55973734.000000, MaxEdgeTotalMixCost= 58927975.000000
