src/core/graphknife.cpp(ProcessOptions:185): Options:
	graphpath=/home/hadoop/simon/dataset/LJ/soc-LiveJournal.undir.elist.rand
	config=config/homo_26
	npart=26
	haspartitioned=1
	partitionedgraph=partition/LJ/rand-stream//livejournal_homo_26.eb.hiob.1.part
	isvertexbalance=1
	htype=2
	wtype=0
	edgecuts=1
	scoretype=1
	usefennel=0
	iocpufactor=0.000000
	gama=0.000000

src/core/graphknife.cpp(Start:221): vertexnum=4846609 edgenum=85702474

src/core/graphknife.cpp(Start:269): Partition Processing costs 42.746841s
src/util/filereader.cpp(GetCutsRatio:340): Edge Balacne factor (with in/out edge): 2.046228
src/core/graphknife.cpp(Start:290): edgenum = 85702474, edgenum_ = 85702474
Detailed edge-cut info:
0 84608 68826 50122 72371 76901 94097 86175 103672 81697 83335 65020 78355 84591 66069 68505 71240 67387 89271 90443 82686 77519 66677 80271 81432 60220 
84608 0 65720 44551 70289 75595 80924 77595 78137 74088 74759 73606 67532 77048 58128 79043 65772 85295 86455 80767 73118 74723 63830 80652 74236 65169 
68826 65720 0 34526 69068 65366 71069 65522 82599 66603 66200 59174 60503 64426 64287 60431 52776 62515 69820 70920 69225 59708 60512 68029 71827 70163 
50122 44551 34526 0 137542 69710 36160 41520 39377 27973 36142 399752 104048 23466 196410 16671 17156 46835 51554 50896 63811 60982 95723 29188 111973 130630 
72371 70289 69068 137542 0 71037 69528 63356 78158 60845 69801 117476 72616 65239 104016 54227 53448 60027 71053 72131 61601 74510 77607 59237 65718 52568 
76901 75595 65366 69710 71037 0 75843 69901 78327 71938 71943 81742 71034 75213 76821 60199 61969 66576 77158 76675 60101 67454 71635 72318 69415 57336 
94097 80924 71069 36160 69528 75843 0 83720 97635 86912 82222 46016 80073 93007 71948 76633 81918 68168 95016 86887 75575 80290 64841 86674 76248 63421 
86175 77595 65522 41520 63356 69901 83720 0 94033 80695 79563 49089 74570 76084 51553 70408 62495 68234 88277 85955 64542 71605 58921 77751 71340 63204 
103672 78137 82599 39377 78158 78327 97635 94033 0 94125 87338 40540 98019 63265 59880 77491 92986 69525 93462 109156 76554 71021 60805 91503 71178 61004 
81697 74088 66603 27973 60845 71938 86912 80695 94125 0 80621 49574 71265 74481 55237 88918 77611 66394 87937 81995 64912 72538 59312 80671 74661 59384 
83335 74759 66200 36142 69801 71943 82222 79563 87338 80621 0 51895 69875 84696 63938 68683 66850 64706 86761 79655 100595 74185 63634 74800 74741 62810 
65020 73606 59174 399752 117476 81742 46016 49089 40540 49574 51895 0 84735 34805 177153 25725 28846 71600 61681 59460 88345 57403 157731 32716 89733 82215 
78355 67532 60503 104048 72616 71034 80073 74570 98019 71265 69875 84735 0 70490 82368 53557 65432 60285 79430 76662 71962 63767 66679 78524 74909 58893 
84591 77048 64426 23466 65239 75213 93007 76084 63265 74481 84696 34805 70490 0 46806 60042 57975 60759 93113 77744 73352 70858 60960 84905 69873 58173 
66069 58128 64287 196410 104016 76821 71948 51553 59880 55237 63938 177153 82368 46806 0 45449 45345 80905 68410 88555 68427 70132 99694 53960 65141 64762 
68505 79043 60431 16671 54227 60199 76633 70408 77491 88918 68683 25725 53557 60042 45449 0 165017 55025 75233 84610 55447 102455 49527 71896 71139 58429 
71240 65772 52776 17156 53448 61969 81918 62495 92986 77611 66850 28846 65432 57975 45345 165017 0 51813 70486 77298 51778 88125 50486 84795 59890 48957 
67387 85295 62515 46835 60027 66576 68168 68234 69525 66394 64706 71600 60285 60759 80905 55025 51813 0 67289 70726 56965 63971 67735 64660 62942 54301 
89271 86455 69820 51554 71053 77158 95016 88277 93462 87937 86761 61681 79430 93113 68410 75233 70486 67289 0 85724 78383 75629 68820 87422 79099 68773 
90443 80767 70920 50896 72131 76675 86887 85955 109156 81995 79655 59460 76662 77744 88555 84610 77298 70726 85724 0 80317 73215 64084 81433 76409 68098 
82686 73118 69225 63811 61601 60101 75575 64542 76554 64912 100595 88345 71962 73352 68427 55447 51778 56965 78383 80317 0 59049 57858 66395 77709 51326 
77519 74723 59708 60982 74510 67454 80290 71605 71021 72538 74185 57403 63767 70858 70132 102455 88125 63971 75629 73215 59049 0 64301 71329 67105 64562 
66677 63830 60512 95723 77607 71635 64841 58921 60805 59312 63634 157731 66679 60960 99694 49527 50486 67735 68820 64084 57858 64301 0 59606 68848 55843 
80271 80652 68029 29188 59237 72318 86674 77751 91503 80671 74800 32716 78524 84905 53960 71896 84795 64660 87422 81433 66395 71329 59606 0 74302 58178 
81432 74236 71827 111973 65718 69415 76248 71340 71178 74661 74741 89733 74909 69873 65141 71139 59890 62942 79099 76409 77709 67105 68848 74302 0 60817 
60220 65169 70163 130630 52568 57336 63421 63204 61004 59384 62810 82215 58893 58173 64762 58429 48957 54301 68773 68098 51326 64562 55843 58178 60817 0 
pid 0: ec=1931490 cpucost=3290518.000000
pid 1: ec=1831640 cpucost=3290998.000000
pid 2: ec=1619815 cpucost=3290207.000000
pid 3: ec=1916718 cpucost=3372438.000000
pid 4: ec=1823469 cpucost=3290401.000000
pid 5: ec=1772207 cpucost=3290143.000000
pid 6: ec=1924825 cpucost=3291367.000000
pid 7: ec=1776108 cpucost=3289960.000000
pid 8: ec=1969790 cpucost=3300808.000000
pid 9: ec=1790387 cpucost=3291151.000000
pid 10: ec=1819748 cpucost=3290600.000000
pid 11: ec=2086032 cpucost=3317830.000000
pid 12: ec=1835583 cpucost=3291015.000000
pid 13: ec=1701371 cpucost=3293071.000000
pid 14: ec=1925394 cpucost=3298180.000000
pid 15: ec=1694760 cpucost=3295880.000000
pid 16: ec=1650464 cpucost=3293204.000000
pid 17: ec=1614638 cpucost=3291498.000000
pid 18: ec=1956256 cpucost=3290122.000000
pid 19: ec=1949815 cpucost=3290647.000000
pid 20: ec=1730033 cpucost=3291487.000000
pid 21: ec=1776436 cpucost=3291414.000000
pid 22: ec=1735669 cpucost=3296139.000000
pid 23: ec=1771215 cpucost=3290707.000000
pid 24: ec=1840685 cpucost=3292147.000000
pid 25: ec=1599236 cpucost=3290542.000000
src/core/graphknife.cpp(Start:332): Max Edge Cuts=2086032, Min Edge Cuts=1599236
src/core/graphknife.cpp(Start:333): Get EdgeCuts Ratio costs 288.173027s
src/core/graphknife.cpp(Start:334): EdgeNumber: 85702474, EdgeCuts: 47043784
src/core/graphknife.cpp(Start:335): EdgeCuts ratio= 54.891979%, EdgeCuts ratio2= 54.891979%
src/core/graphknife.cpp(Start:336): Vertex_BF= 1.380649, VCPULoad_BF= 1.380649
src/core/graphknife.cpp(Start:337): Edge_BF= 1.023114, ECPULoad_BF= 1.023114
src/core/graphknife.cpp(Start:338): TotalMinIoCost= 47043784.000000[remap=false]
src/core/graphknife.cpp(Start:339): MaxVertexCpuCost= 257364.000000, MaxEdgeCpuCost= 3372438.000000
src/core/graphknife.cpp(Start:340): MaxIoCost = 2086032.000000, MinIoCosst=1599236.000000, bf=1.304393
src/core/graphknife.cpp(Start:341): MaxVertexTotalMixCost= 2189501.000000, MaxEdgeTotalMixCost= 5403862.000000
