src/core/graphknife.cpp(ProcessOptions:185): Options:
	graphpath=/home/hadoop/simon/dataset/LJ/soc-LiveJournal.undir.elist.rand
	config=config/homo_26
	npart=26
	haspartitioned=1
	partitionedgraph=partition/LJ/rand-stream//livejournal_homo_26.eb.ldg.part
	isvertexbalance=1
	htype=2
	wtype=0
	edgecuts=1
	scoretype=1
	usefennel=0
	iocpufactor=0.000000
	gama=0.000000

src/core/graphknife.cpp(Start:221): vertexnum=4846609 edgenum=85702474

src/core/graphknife.cpp(Start:269): Partition Processing costs 41.481277s
src/util/filereader.cpp(GetCutsRatio:340): Edge Balacne factor (with in/out edge): 2.024596
src/core/graphknife.cpp(Start:290): edgenum = 85702474, edgenum_ = 85702474
Detailed edge-cut info:
0 125981 127214 125974 126766 126252 126070 126386 126761 126414 127672 127233 126802 128286 128885 126656 127327 126862 126903 127015 127019 127261 128554 125730 125205 128034 
125981 0 125584 125875 125565 125922 125328 125635 124950 125597 126838 125694 125371 126703 127016 125167 126030 125919 125266 126517 125644 124772 127266 124959 124419 126505 
127214 125584 0 126009 125787 125917 125427 127080 126515 124932 127182 125555 125499 126895 127749 125945 126099 126340 125968 127090 125731 125133 128218 125129 124130 126743 
125974 125875 126009 0 126761 126039 126299 127819 125747 126122 127475 127276 126182 127473 127981 127028 126626 127487 126285 126997 126678 126247 128316 126198 125519 127495 
126766 125565 125787 126761 0 126954 126054 126191 126703 126260 127264 126052 125551 127410 128194 126675 127397 127475 125131 127265 126484 125686 128196 125612 124839 126990 
126252 125922 125917 126039 126954 0 126319 126493 126032 126289 127927 126257 126372 127154 128160 126211 126599 126386 125994 127184 125762 126645 128203 125618 124935 127246 
126070 125328 125427 126299 126054 126319 0 126557 126240 126223 127344 126744 125998 127477 127262 126096 126559 126922 125733 126668 126181 125872 127805 125714 124048 126939 
126386 125635 127080 127819 126191 126493 126557 0 126564 126945 127669 127516 126927 127943 127778 126345 126619 126902 126627 127562 127329 126118 128304 125852 124870 128726 
126761 124950 126515 125747 126703 126032 126240 126564 0 126316 126892 126590 126124 127678 127782 125929 126714 127001 125828 127188 125745 126195 127827 126365 124618 127071 
126414 125597 124932 126122 126260 126289 126223 126945 126316 0 127116 126912 125885 126925 128269 126653 126912 127217 125933 127570 125473 126073 127460 125829 125004 127603 
127672 126838 127182 127475 127264 127927 127344 127669 126892 127116 0 127586 127478 129328 128020 127697 128071 128276 126911 128646 127865 127011 129392 126949 126280 128184 
127233 125694 125555 127276 126052 126257 126744 127516 126590 126912 127586 0 126792 127482 128680 126736 127030 127184 125639 127092 126696 126595 127828 126170 124662 128061 
126802 125371 125499 126182 125551 126372 125998 126927 126124 125885 127478 126792 0 128177 128042 126187 126968 126983 126714 126826 125534 125807 128517 124984 124601 126973 
128286 126703 126895 127473 127410 127154 127477 127943 127678 126925 129328 127482 128177 0 129921 127648 128244 128745 127721 128484 128373 127859 129421 127523 125368 128591 
128885 127016 127749 127981 128194 128160 127262 127778 127782 128269 128020 128680 128042 129921 0 128026 128308 129212 128272 128785 128034 128049 129489 127241 125955 129389 
126656 125167 125945 127028 126675 126211 126096 126345 125929 126653 127697 126736 126187 127648 128026 0 126792 127168 126480 126949 126855 125818 128560 125214 125314 127742 
127327 126030 126099 126626 127397 126599 126559 126619 126714 126912 128071 127030 126968 128244 128308 126792 0 127224 126561 127206 127006 126097 128813 126706 125694 127157 
126862 125919 126340 127487 127475 126386 126922 126902 127001 127217 128276 127184 126983 128745 129212 127168 127224 0 126532 127555 126967 126542 129174 125734 125401 128545 
126903 125266 125968 126285 125131 125994 125733 126627 125828 125933 126911 125639 126714 127721 128272 126480 126561 126532 0 127406 125888 125923 127819 125522 124786 127322 
127015 126517 127090 126997 127265 127184 126668 127562 127188 127570 128646 127092 126826 128484 128785 126949 127206 127555 127406 0 127153 126789 129430 126707 125740 128235 
127019 125644 125731 126678 126484 125762 126181 127329 125745 125473 127865 126696 125534 128373 128034 126855 127006 126967 125888 127153 0 125973 127584 125397 124820 128050 
127261 124772 125133 126247 125686 126645 125872 126118 126195 126073 127011 126595 125807 127859 128049 125818 126097 126542 125923 126789 125973 0 127710 125577 124589 126973 
128554 127266 128218 128316 128196 128203 127805 128304 127827 127460 129392 127828 128517 129421 129489 128560 128813 129174 127819 129430 127584 127710 0 128050 126813 128498 
125730 124959 125129 126198 125612 125618 125714 125852 126365 125829 126949 126170 124984 127523 127241 125214 126706 125734 125522 126707 125397 125577 128050 0 124554 126755 
125205 124419 124130 125519 124839 124935 124048 124870 124618 125004 126280 124662 124601 125368 125955 125314 125694 125401 124786 125740 124820 124589 126813 124554 0 126018 
128034 126505 126743 127495 126990 127246 126939 128726 127071 127603 128184 128061 126973 128591 129389 127742 127157 128545 127322 128235 128050 126973 128498 126755 126018 0 
pid 0: ec=3173262 cpucost=3300646.000000
pid 1: ec=3144523 cpucost=3268983.000000
pid 2: ec=3153871 cpucost=3280055.000000
pid 3: ec=3167908 cpucost=3294684.000000
pid 4: ec=3163262 cpucost=3290140.000000
pid 5: ec=3162870 cpucost=3289252.000000
pid 6: ec=3157879 cpucost=3283303.000000
pid 7: ec=3172757 cpucost=3299193.000000
pid 8: ec=3161375 cpucost=3286793.000000
pid 9: ec=3161932 cpucost=3287562.000000
pid 10: ec=3191073 cpucost=3319241.000000
pid 11: ec=3170062 cpucost=3297306.000000
pid 12: ec=3161294 cpucost=3288288.000000
pid 13: ec=3196829 cpucost=3325335.000000
pid 14: ec=3204499 cpucost=3332989.000000
pid 15: ec=3165891 cpucost=3293709.000000
pid 16: ec=3174759 cpucost=3302357.000000
pid 17: ec=3179753 cpucost=3307015.000000
pid 18: ec=3159164 cpucost=3285384.000000
pid 19: ec=3184059 cpucost=3313115.000000
pid 20: ec=3164241 cpucost=3290407.000000
pid 21: ec=3157314 cpucost=3283110.000000
pid 22: ec=3207247 cpucost=3336787.000000
pid 23: ec=3150089 cpucost=3275663.000000
pid 24: ec=3128182 cpucost=3252060.000000
pid 25: ec=3189845 cpucost=3319097.000000
src/core/graphknife.cpp(Start:332): Max Edge Cuts=3207247, Min Edge Cuts=3128182
src/core/graphknife.cpp(Start:333): Get EdgeCuts Ratio costs 382.698322s
src/core/graphknife.cpp(Start:334): EdgeNumber: 85702474, EdgeCuts: 82403940
src/core/graphknife.cpp(Start:335): EdgeCuts ratio= 96.151180%, EdgeCuts ratio2= 96.151180%
src/core/graphknife.cpp(Start:336): Vertex_BF= 1.004581, VCPULoad_BF= 1.004581
src/core/graphknife.cpp(Start:337): Edge_BF= 1.012298, ECPULoad_BF= 1.012298
src/core/graphknife.cpp(Start:338): TotalMinIoCost= 82403940.000000[remap=false]
src/core/graphknife.cpp(Start:339): MaxVertexCpuCost= 187262.000000, MaxEdgeCpuCost= 3336787.000000
src/core/graphknife.cpp(Start:340): MaxIoCost = 3207247.000000, MinIoCosst=3128182.000000, bf=1.025275
src/core/graphknife.cpp(Start:341): MaxVertexTotalMixCost= 3394314.000000, MaxEdgeTotalMixCost= 6544034.000000
