hiobx
src/core/graphknife.cpp(ProcessOptions:184): Options:
	graphpath=/mnt/disk1/simon0227/simon/dataset/LJ/soc-LiveJournal.undir.elist.rand
	config=config/expr-config/heter_config_26_13_cpu_io
	npart=26
	haspartitioned=0
	partitionedgraph=
	isvertexbalance=0
	htype=13
	wtype=0
	edgecuts=1
	scoretype=7
	usefennel=0
	iocpufactor=1.000000
	gama=0.000000
	balancefactor=1.000000

src/core/graphknife.cpp(Start:227): vertexnum=4846609 edgenum=85702474 pnum=26

Total node: 26
node 0: capacity: 186408,cpucost: 0.025,iocost: (1,10) (2,10) (3,10) (4,10) (5,10) (6,10) (7,10) (8,10) (9,10) (10,10) (11,10) (12,10) (13,30) (14,30) (15,30) (16,30) (17,30) (18,30) (19,30) (20,30) (21,30) (22,30) (23,30) (24,30) (25,30) 
node 1: capacity: 186408,cpucost: 0.025,iocost: (0,10) (2,10) (3,10) (4,10) (5,10) (6,10) (7,10) (8,10) (9,10) (10,10) (11,10) (12,10) (13,30) (14,30) (15,30) (16,30) (17,30) (18,30) (19,30) (20,30) (21,30) (22,30) (23,30) (24,30) (25,30) 
node 2: capacity: 186408,cpucost: 0.025,iocost: (0,10) (1,10) (3,10) (4,10) (5,10) (6,10) (7,10) (8,10) (9,10) (10,10) (11,10) (12,10) (13,30) (14,30) (15,30) (16,30) (17,30) (18,30) (19,30) (20,30) (21,30) (22,30) (23,30) (24,30) (25,30) 
node 3: capacity: 186408,cpucost: 0.025,iocost: (0,10) (1,10) (2,10) (4,10) (5,10) (6,10) (7,10) (8,10) (9,10) (10,10) (11,10) (12,10) (13,30) (14,30) (15,30) (16,30) (17,30) (18,30) (19,30) (20,30) (21,30) (22,30) (23,30) (24,30) (25,30) 
node 4: capacity: 186408,cpucost: 0.025,iocost: (0,10) (1,10) (2,10) (3,10) (5,10) (6,10) (7,10) (8,10) (9,10) (10,10) (11,10) (12,10) (13,30) (14,30) (15,30) (16,30) (17,30) (18,30) (19,30) (20,30) (21,30) (22,30) (23,30) (24,30) (25,30) 
node 5: capacity: 186408,cpucost: 0.025,iocost: (0,10) (1,10) (2,10) (3,10) (4,10) (6,10) (7,10) (8,10) (9,10) (10,10) (11,10) (12,10) (13,30) (14,30) (15,30) (16,30) (17,30) (18,30) (19,30) (20,30) (21,30) (22,30) (23,30) (24,30) (25,30) 
node 6: capacity: 186408,cpucost: 0.025,iocost: (0,10) (1,10) (2,10) (3,10) (4,10) (5,10) (7,10) (8,10) (9,10) (10,10) (11,10) (12,10) (13,30) (14,30) (15,30) (16,30) (17,30) (18,30) (19,30) (20,30) (21,30) (22,30) (23,30) (24,30) (25,30) 
node 7: capacity: 186408,cpucost: 0.025,iocost: (0,10) (1,10) (2,10) (3,10) (4,10) (5,10) (6,10) (8,10) (9,10) (10,10) (11,10) (12,10) (13,30) (14,30) (15,30) (16,30) (17,30) (18,30) (19,30) (20,30) (21,30) (22,30) (23,30) (24,30) (25,30) 
node 8: capacity: 186408,cpucost: 0.025,iocost: (0,10) (1,10) (2,10) (3,10) (4,10) (5,10) (6,10) (7,10) (9,10) (10,10) (11,10) (12,10) (13,30) (14,30) (15,30) (16,30) (17,30) (18,30) (19,30) (20,30) (21,30) (22,30) (23,30) (24,30) (25,30) 
node 9: capacity: 186408,cpucost: 0.025,iocost: (0,10) (1,10) (2,10) (3,10) (4,10) (5,10) (6,10) (7,10) (8,10) (10,10) (11,10) (12,10) (13,30) (14,30) (15,30) (16,30) (17,30) (18,30) (19,30) (20,30) (21,30) (22,30) (23,30) (24,30) (25,30) 
node 10: capacity: 186408,cpucost: 0.025,iocost: (0,10) (1,10) (2,10) (3,10) (4,10) (5,10) (6,10) (7,10) (8,10) (9,10) (11,10) (12,10) (13,30) (14,30) (15,30) (16,30) (17,30) (18,30) (19,30) (20,30) (21,30) (22,30) (23,30) (24,30) (25,30) 
node 11: capacity: 186408,cpucost: 0.025,iocost: (0,10) (1,10) (2,10) (3,10) (4,10) (5,10) (6,10) (7,10) (8,10) (9,10) (10,10) (12,10) (13,30) (14,30) (15,30) (16,30) (17,30) (18,30) (19,30) (20,30) (21,30) (22,30) (23,30) (24,30) (25,30) 
node 12: capacity: 186408,cpucost: 0.025,iocost: (0,10) (1,10) (2,10) (3,10) (4,10) (5,10) (6,10) (7,10) (8,10) (9,10) (10,10) (11,10) (13,30) (14,30) (15,30) (16,30) (17,30) (18,30) (19,30) (20,30) (21,30) (22,30) (23,30) (24,30) (25,30) 
node 13: capacity: 186408,cpucost: 0.036111,iocost: (0,30) (1,30) (2,30) (3,30) (4,30) (5,30) (6,30) (7,30) (8,30) (9,30) (10,30) (11,30) (12,30) (14,30) (15,30) (16,30) (17,30) (18,30) (19,30) (20,30) (21,30) (22,30) (23,30) (24,30) (25,30) 
node 14: capacity: 186408,cpucost: 0.036111,iocost: (0,30) (1,30) (2,30) (3,30) (4,30) (5,30) (6,30) (7,30) (8,30) (9,30) (10,30) (11,30) (12,30) (13,30) (15,30) (16,30) (17,30) (18,30) (19,30) (20,30) (21,30) (22,30) (23,30) (24,30) (25,30) 
node 15: capacity: 186408,cpucost: 0.036111,iocost: (0,30) (1,30) (2,30) (3,30) (4,30) (5,30) (6,30) (7,30) (8,30) (9,30) (10,30) (11,30) (12,30) (13,30) (14,30) (16,30) (17,30) (18,30) (19,30) (20,30) (21,30) (22,30) (23,30) (24,30) (25,30) 
node 16: capacity: 186408,cpucost: 0.036111,iocost: (0,30) (1,30) (2,30) (3,30) (4,30) (5,30) (6,30) (7,30) (8,30) (9,30) (10,30) (11,30) (12,30) (13,30) (14,30) (15,30) (17,30) (18,30) (19,30) (20,30) (21,30) (22,30) (23,30) (24,30) (25,30) 
node 17: capacity: 186408,cpucost: 0.036111,iocost: (0,30) (1,30) (2,30) (3,30) (4,30) (5,30) (6,30) (7,30) (8,30) (9,30) (10,30) (11,30) (12,30) (13,30) (14,30) (15,30) (16,30) (18,30) (19,30) (20,30) (21,30) (22,30) (23,30) (24,30) (25,30) 
node 18: capacity: 186408,cpucost: 0.036111,iocost: (0,30) (1,30) (2,30) (3,30) (4,30) (5,30) (6,30) (7,30) (8,30) (9,30) (10,30) (11,30) (12,30) (13,30) (14,30) (15,30) (16,30) (17,30) (19,30) (20,30) (21,30) (22,30) (23,30) (24,30) (25,30) 
node 19: capacity: 186408,cpucost: 0.036111,iocost: (0,30) (1,30) (2,30) (3,30) (4,30) (5,30) (6,30) (7,30) (8,30) (9,30) (10,30) (11,30) (12,30) (13,30) (14,30) (15,30) (16,30) (17,30) (18,30) (20,30) (21,30) (22,30) (23,30) (24,30) (25,30) 
node 20: capacity: 186408,cpucost: 0.036111,iocost: (0,30) (1,30) (2,30) (3,30) (4,30) (5,30) (6,30) (7,30) (8,30) (9,30) (10,30) (11,30) (12,30) (13,30) (14,30) (15,30) (16,30) (17,30) (18,30) (19,30) (21,30) (22,30) (23,30) (24,30) (25,30) 
node 21: capacity: 186408,cpucost: 0.036111,iocost: (0,30) (1,30) (2,30) (3,30) (4,30) (5,30) (6,30) (7,30) (8,30) (9,30) (10,30) (11,30) (12,30) (13,30) (14,30) (15,30) (16,30) (17,30) (18,30) (19,30) (20,30) (22,30) (23,30) (24,30) (25,30) 
node 22: capacity: 186408,cpucost: 0.036111,iocost: (0,30) (1,30) (2,30) (3,30) (4,30) (5,30) (6,30) (7,30) (8,30) (9,30) (10,30) (11,30) (12,30) (13,30) (14,30) (15,30) (16,30) (17,30) (18,30) (19,30) (20,30) (21,30) (23,30) (24,30) (25,30) 
node 23: capacity: 186408,cpucost: 0.036111,iocost: (0,30) (1,30) (2,30) (3,30) (4,30) (5,30) (6,30) (7,30) (8,30) (9,30) (10,30) (11,30) (12,30) (13,30) (14,30) (15,30) (16,30) (17,30) (18,30) (19,30) (20,30) (21,30) (22,30) (24,30) (25,30) 
node 24: capacity: 186408,cpucost: 0.036111,iocost: (0,30) (1,30) (2,30) (3,30) (4,30) (5,30) (6,30) (7,30) (8,30) (9,30) (10,30) (11,30) (12,30) (13,30) (14,30) (15,30) (16,30) (17,30) (18,30) (19,30) (20,30) (21,30) (22,30) (23,30) (25,30) 
node 25: capacity: 186408,cpucost: 0.036111,iocost: (0,30) (1,30) (2,30) (3,30) (4,30) (5,30) (6,30) (7,30) (8,30) (9,30) (10,30) (11,30) (12,30) (13,30) (14,30) (15,30) (16,30) (17,30) (18,30) (19,30) (20,30) (21,30) (22,30) (23,30) (24,30) 
src/core/graphknife.cpp(Start:283): Partition Processing costs 423.730607s
src/core/graphknife.cpp(Start:298): Get BalacneFactor....
In get Balance Factor
Pid=0: edge=4731666, vertex=84131
Pid=1: edge=3625493, vertex=56529
Pid=2: edge=4026968, vertex=85759
Pid=3: edge=4150520, vertex=71712
Pid=4: edge=3404804, vertex=83900
Pid=5: edge=4261834, vertex=73231
Pid=6: edge=3341863, vertex=67076
Pid=7: edge=3035858, vertex=57749
Pid=8: edge=4224502, vertex=66150
Pid=9: edge=3585725, vertex=67449
Pid=10: edge=3502042, vertex=70202
Pid=11: edge=6074649, vertex=40165
Pid=12: edge=3346639, vertex=81120
Pid=13: edge=2629682, vertex=299524
Pid=14: edge=2658326, vertex=300460
Pid=15: edge=2644766, vertex=312962
Pid=16: edge=2675505, vertex=301646
Pid=17: edge=2621158, vertex=296719
Pid=18: edge=2649865, vertex=307688
Pid=19: edge=2692165, vertex=299916
Pid=20: edge=2670117, vertex=308006
Pid=21: edge=2614759, vertex=306226
Pid=22: edge=2640474, vertex=300915
Pid=23: edge=2630689, vertex=305643
Pid=24: edge=2624196, vertex=303152
Pid=25: edge=2638209, vertex=298579
src/core/graphknife.cpp(Start:300): Get CutsRatio....

src/util/filereader.cpp(GetCutsRatio:349): Edge Balacne factor (with in/out edge): 3.685795
src/core/graphknife.cpp(Start:304): edgenum = 85702474, edgenum_ = 85702474
Detailed edge-cut info:
0 98033 238941 95147 101784 114686 70686 91476 190940 77367 80838 367487 98815 45543 45083 46514 49484 44063 47704 45234 45284 48021 47104 45042 48131 47077 
98033 0 71512 136959 93494 117978 152500 91932 109469 91691 140756 75002 119695 54757 52133 57077 49697 53908 55233 53787 54862 53291 55899 54251 54666 51443 
238941 71512 0 100273 157529 171547 57226 68228 120559 87878 71316 667799 117806 39837 38500 36950 36379 36014 37980 37113 39542 39756 37506 37865 37238 37914 
95147 136959 100273 0 124552 96241 123363 97834 75997 82532 105289 341470 119889 52445 49209 52640 48983 53361 51602 49424 49821 52131 50528 51136 50697 50055 
101784 93494 157529 124552 0 105307 87598 107344 71920 72653 89572 260105 108185 53420 53493 56061 52592 53341 51189 51985 54393 52143 56165 51415 53981 57045 
114686 117978 171547 96241 105307 0 98928 84643 97174 129284 96936 249830 98793 48022 50111 49369 48323 48256 48921 52122 51866 47369 48185 49470 50044 47943 
70686 152500 57226 123363 87598 98928 0 96182 108998 101992 101096 51305 96915 58429 57110 58692 56593 58197 57726 58753 59963 62210 62931 60827 62067 60072 
91476 91932 68228 97834 107344 84643 96182 0 78969 103168 106896 82168 87625 64879 61637 66758 61984 63673 60218 58703 62801 64370 62663 60339 66366 64156 
190940 109469 120559 75997 71920 97174 108998 78969 0 130101 110649 98749 87029 49782 58734 54118 49093 50512 52888 49992 51695 51635 52475 48759 53057 47994 
77367 91691 87878 82532 72653 129284 101992 103168 130101 0 107665 37239 84199 60249 60545 62806 59261 62602 60801 57371 61227 59911 59194 59227 60835 61161 
80838 140756 71316 105289 89572 96936 101096 106896 110649 107665 0 62673 82862 56559 57739 63803 56793 59797 56763 59246 59884 57849 60494 59428 60837 58606 
367487 75002 667799 341470 260105 249830 51305 82168 98749 37239 62673 0 201211 19087 19367 21160 19777 21151 20576 19120 19902 21410 21576 20100 20102 20901 
98815 119695 117806 119889 108185 98793 96915 87625 87029 84199 82862 201211 0 55266 55200 55894 58529 55633 55688 57429 57175 56043 54995 55100 57623 56960 
45543 54757 39837 52445 53420 48022 58429 64879 49782 60249 56559 19087 55266 0 67494 66247 65730 62258 66434 65644 63249 65882 65611 64566 63947 64893 
45083 52133 38500 49209 53493 50111 57110 61637 58734 60545 57739 19367 55200 67494 0 65399 63310 65389 66124 66833 63852 64959 62860 65213 66785 65083 
46514 57077 36950 52640 56061 49369 58692 66758 54118 62806 63803 21160 55894 66247 65399 0 64913 62213 65599 65585 64989 63764 64957 63328 64184 64738 
49484 49697 36379 48983 52592 48323 56593 61984 49093 59261 56793 19777 58529 65730 63310 64913 0 64341 66743 64278 64415 64975 61571 63378 64813 65392 
44063 53908 36014 53361 53341 48256 58197 63673 50512 62602 59797 21151 55633 62258 65389 62213 64341 0 66061 66378 65077 64517 66696 66531 64685 63198 
47704 55233 37980 51602 51189 48921 57726 60218 52888 60801 56763 20576 55688 66434 66124 65599 66743 66061 0 62563 66833 64747 62770 68237 67367 65852 
45234 53787 37113 49424 51985 52122 58753 58703 49992 57371 59246 19120 57429 65644 66833 65585 64278 66378 62563 0 65580 65484 63620 67681 63849 64333 
45284 54862 39542 49821 54393 51866 59963 62801 51695 61227 59884 19902 57175 63249 63852 64989 64415 65077 66833 65580 0 65202 65501 65422 64389 68535 
48021 53291 39756 52131 52143 47369 62210 64370 51635 59911 57849 21410 56043 65882 64959 63764 64975 64517 64747 65484 65202 0 64968 64365 64433 65250 
47104 55899 37506 50528 56165 48185 62931 62663 52475 59194 60494 21576 54995 65611 62860 64957 61571 66696 62770 63620 65501 64968 0 62615 62190 64166 
45042 54251 37865 51136 51415 49470 60827 60339 48759 59227 59428 20100 55100 64566 65213 63328 63378 66531 68237 67681 65422 64365 62615 0 66697 65557 
48131 54666 37238 50697 53981 50044 62067 66366 53057 60835 60837 20102 57623 63947 66785 64184 64813 64685 67367 63849 64389 64433 62190 66697 0 63481 
47077 51443 37914 50055 57045 47943 60072 64156 47994 61161 58606 20901 56960 64893 65083 64738 65392 63198 65852 64333 68535 65250 64166 65557 63481 0 
pid 0: ec=2230484 cpucost=118291.650000
pid 1: ec=2000025 cpucost=90637.325000
pid 2: ec=2423208 cpucost=100674.200000
pid 3: ec=2161578 cpucost=103763.000000
pid 4: ec=2077266 cpucost=85120.100000
pid 5: ec=2101348 cpucost=106545.850000
pid 6: ec=1920359 cpucost=83546.575000
pid 7: ec=1915012 cpucost=75896.450000
pid 8: ec=1951288 cpucost=105612.550000
pid 9: ec=1890959 cpucost=89643.125000
pid 10: ec=1924346 cpucost=87551.050000
pid 11: ec=2759267 cpucost=151866.225000
pid 12: ec=2034559 cpucost=83665.975000
pid 13: ec=1440230 cpucost=94960.446702
pid 14: ec=1442162 cpucost=95994.810186
pid 15: ec=1457758 cpucost=95505.145026
pid 16: ec=1421347 cpucost=96615.161055
pid 17: ec=1437852 cpucost=94652.636538
pid 18: ec=1446619 cpucost=95689.275015
pid 19: ec=1432107 cpucost=97216.770315
pid 20: ec=1451459 cpucost=96420.594987
pid 21: ec=1444685 cpucost=94421.562249
pid 22: ec=1437240 cpucost=95350.156614
pid 23: ec=1436549 cpucost=94996.810479
pid 24: ec=1452464 cpucost=94762.341756
pid 25: ec=1441805 cpucost=95268.365199
src/core/graphknife.cpp(Start:346): Max Edge Cuts=2759267, Min Edge Cuts=1421347
src/core/graphknife.cpp(Start:347): Get EdgeCuts Ratio costs 265.749702s
src/core/graphknife.cpp(Start:348): EdgeNumber: 85702474, EdgeCuts: 46131976
src/core/graphknife.cpp(Start:349): EdgeCuts ratio= 53.828056%, EdgeCuts ratio2= 53.828056%
src/core/graphknife.cpp(Start:350): Vertex_BF= 1.678908, VCPULoad_BF= 1.781270
src/core/graphknife.cpp(Start:351): Edge_BF= 1.842897, ECPULoad_BF= 1.563977
src/core/graphknife.cpp(Start:352): TotalMinIoCost= 1008340120.000000[remap=false]
src/core/graphknife.cpp(Start:353): MaxVertexCpuCost= 11301.370782, MaxEdgeCpuCost= 151866.225000
src/core/graphknife.cpp(Start:354): MaxIoCost = 43732740.000000, MinIoCost=32877250.000000, bf=1.330182
src/core/graphknife.cpp(Start:355): MaxVertexTotalMixCost= 43744041.370782, MaxEdgeTotalMixCost= 43828245.145026
