hiobx
src/core/graphknife.cpp(ProcessOptions:184): Options:
	graphpath=/mnt/disk1/simon0227/simon/dataset/LJ/soc-LiveJournal.undir.elist.rand
	config=config/expr-config/homo/homo_26
	npart=26
	haspartitioned=0
	partitionedgraph=
	isvertexbalance=0
	htype=13
	wtype=0
	edgecuts=1
	scoretype=9
	usefennel=0
	iocpufactor=1.000000
	gama=0.000000
	balancefactor=1.000000

src/core/graphknife.cpp(Start:227): vertexnum=4846609 edgenum=85702474 pnum=26

Total node: 26
node 0: capacity: 186408,cpucost: 0.025,iocost: (1,1) (2,1) (3,1) (4,1) (5,1) (6,1) (7,1) (8,1) (9,1) (10,1) (11,1) (12,1) (13,1) (14,1) (15,1) (16,1) (17,1) (18,1) (19,1) (20,1) (21,1) (22,1) (23,1) (24,1) (25,1) 
node 1: capacity: 186408,cpucost: 0.025,iocost: (0,1) (2,1) (3,1) (4,1) (5,1) (6,1) (7,1) (8,1) (9,1) (10,1) (11,1) (12,1) (13,1) (14,1) (15,1) (16,1) (17,1) (18,1) (19,1) (20,1) (21,1) (22,1) (23,1) (24,1) (25,1) 
node 2: capacity: 186408,cpucost: 0.025,iocost: (0,1) (1,1) (3,1) (4,1) (5,1) (6,1) (7,1) (8,1) (9,1) (10,1) (11,1) (12,1) (13,1) (14,1) (15,1) (16,1) (17,1) (18,1) (19,1) (20,1) (21,1) (22,1) (23,1) (24,1) (25,1) 
node 3: capacity: 186408,cpucost: 0.025,iocost: (0,1) (1,1) (2,1) (4,1) (5,1) (6,1) (7,1) (8,1) (9,1) (10,1) (11,1) (12,1) (13,1) (14,1) (15,1) (16,1) (17,1) (18,1) (19,1) (20,1) (21,1) (22,1) (23,1) (24,1) (25,1) 
node 4: capacity: 186408,cpucost: 0.025,iocost: (0,1) (1,1) (2,1) (3,1) (5,1) (6,1) (7,1) (8,1) (9,1) (10,1) (11,1) (12,1) (13,1) (14,1) (15,1) (16,1) (17,1) (18,1) (19,1) (20,1) (21,1) (22,1) (23,1) (24,1) (25,1) 
node 5: capacity: 186408,cpucost: 0.025,iocost: (0,1) (1,1) (2,1) (3,1) (4,1) (6,1) (7,1) (8,1) (9,1) (10,1) (11,1) (12,1) (13,1) (14,1) (15,1) (16,1) (17,1) (18,1) (19,1) (20,1) (21,1) (22,1) (23,1) (24,1) (25,1) 
node 6: capacity: 186408,cpucost: 0.025,iocost: (0,1) (1,1) (2,1) (3,1) (4,1) (5,1) (7,1) (8,1) (9,1) (10,1) (11,1) (12,1) (13,1) (14,1) (15,1) (16,1) (17,1) (18,1) (19,1) (20,1) (21,1) (22,1) (23,1) (24,1) (25,1) 
node 7: capacity: 186408,cpucost: 0.025,iocost: (0,1) (1,1) (2,1) (3,1) (4,1) (5,1) (6,1) (8,1) (9,1) (10,1) (11,1) (12,1) (13,1) (14,1) (15,1) (16,1) (17,1) (18,1) (19,1) (20,1) (21,1) (22,1) (23,1) (24,1) (25,1) 
node 8: capacity: 186408,cpucost: 0.025,iocost: (0,1) (1,1) (2,1) (3,1) (4,1) (5,1) (6,1) (7,1) (9,1) (10,1) (11,1) (12,1) (13,1) (14,1) (15,1) (16,1) (17,1) (18,1) (19,1) (20,1) (21,1) (22,1) (23,1) (24,1) (25,1) 
node 9: capacity: 186408,cpucost: 0.025,iocost: (0,1) (1,1) (2,1) (3,1) (4,1) (5,1) (6,1) (7,1) (8,1) (10,1) (11,1) (12,1) (13,1) (14,1) (15,1) (16,1) (17,1) (18,1) (19,1) (20,1) (21,1) (22,1) (23,1) (24,1) (25,1) 
node 10: capacity: 186408,cpucost: 0.025,iocost: (0,1) (1,1) (2,1) (3,1) (4,1) (5,1) (6,1) (7,1) (8,1) (9,1) (11,1) (12,1) (13,1) (14,1) (15,1) (16,1) (17,1) (18,1) (19,1) (20,1) (21,1) (22,1) (23,1) (24,1) (25,1) 
node 11: capacity: 186408,cpucost: 0.025,iocost: (0,1) (1,1) (2,1) (3,1) (4,1) (5,1) (6,1) (7,1) (8,1) (9,1) (10,1) (12,1) (13,1) (14,1) (15,1) (16,1) (17,1) (18,1) (19,1) (20,1) (21,1) (22,1) (23,1) (24,1) (25,1) 
node 12: capacity: 186408,cpucost: 0.025,iocost: (0,1) (1,1) (2,1) (3,1) (4,1) (5,1) (6,1) (7,1) (8,1) (9,1) (10,1) (11,1) (13,1) (14,1) (15,1) (16,1) (17,1) (18,1) (19,1) (20,1) (21,1) (22,1) (23,1) (24,1) (25,1) 
node 13: capacity: 186408,cpucost: 0.025,iocost: (0,1) (1,1) (2,1) (3,1) (4,1) (5,1) (6,1) (7,1) (8,1) (9,1) (10,1) (11,1) (12,1) (14,1) (15,1) (16,1) (17,1) (18,1) (19,1) (20,1) (21,1) (22,1) (23,1) (24,1) (25,1) 
node 14: capacity: 186408,cpucost: 0.025,iocost: (0,1) (1,1) (2,1) (3,1) (4,1) (5,1) (6,1) (7,1) (8,1) (9,1) (10,1) (11,1) (12,1) (13,1) (15,1) (16,1) (17,1) (18,1) (19,1) (20,1) (21,1) (22,1) (23,1) (24,1) (25,1) 
node 15: capacity: 186408,cpucost: 0.025,iocost: (0,1) (1,1) (2,1) (3,1) (4,1) (5,1) (6,1) (7,1) (8,1) (9,1) (10,1) (11,1) (12,1) (13,1) (14,1) (16,1) (17,1) (18,1) (19,1) (20,1) (21,1) (22,1) (23,1) (24,1) (25,1) 
node 16: capacity: 186408,cpucost: 0.025,iocost: (0,1) (1,1) (2,1) (3,1) (4,1) (5,1) (6,1) (7,1) (8,1) (9,1) (10,1) (11,1) (12,1) (13,1) (14,1) (15,1) (17,1) (18,1) (19,1) (20,1) (21,1) (22,1) (23,1) (24,1) (25,1) 
node 17: capacity: 186408,cpucost: 0.025,iocost: (0,1) (1,1) (2,1) (3,1) (4,1) (5,1) (6,1) (7,1) (8,1) (9,1) (10,1) (11,1) (12,1) (13,1) (14,1) (15,1) (16,1) (18,1) (19,1) (20,1) (21,1) (22,1) (23,1) (24,1) (25,1) 
node 18: capacity: 186408,cpucost: 0.025,iocost: (0,1) (1,1) (2,1) (3,1) (4,1) (5,1) (6,1) (7,1) (8,1) (9,1) (10,1) (11,1) (12,1) (13,1) (14,1) (15,1) (16,1) (17,1) (19,1) (20,1) (21,1) (22,1) (23,1) (24,1) (25,1) 
node 19: capacity: 186408,cpucost: 0.025,iocost: (0,1) (1,1) (2,1) (3,1) (4,1) (5,1) (6,1) (7,1) (8,1) (9,1) (10,1) (11,1) (12,1) (13,1) (14,1) (15,1) (16,1) (17,1) (18,1) (20,1) (21,1) (22,1) (23,1) (24,1) (25,1) 
node 20: capacity: 186408,cpucost: 0.025,iocost: (0,1) (1,1) (2,1) (3,1) (4,1) (5,1) (6,1) (7,1) (8,1) (9,1) (10,1) (11,1) (12,1) (13,1) (14,1) (15,1) (16,1) (17,1) (18,1) (19,1) (21,1) (22,1) (23,1) (24,1) (25,1) 
node 21: capacity: 186408,cpucost: 0.025,iocost: (0,1) (1,1) (2,1) (3,1) (4,1) (5,1) (6,1) (7,1) (8,1) (9,1) (10,1) (11,1) (12,1) (13,1) (14,1) (15,1) (16,1) (17,1) (18,1) (19,1) (20,1) (22,1) (23,1) (24,1) (25,1) 
node 22: capacity: 186408,cpucost: 0.025,iocost: (0,1) (1,1) (2,1) (3,1) (4,1) (5,1) (6,1) (7,1) (8,1) (9,1) (10,1) (11,1) (12,1) (13,1) (14,1) (15,1) (16,1) (17,1) (18,1) (19,1) (20,1) (21,1) (23,1) (24,1) (25,1) 
node 23: capacity: 186408,cpucost: 0.025,iocost: (0,1) (1,1) (2,1) (3,1) (4,1) (5,1) (6,1) (7,1) (8,1) (9,1) (10,1) (11,1) (12,1) (13,1) (14,1) (15,1) (16,1) (17,1) (18,1) (19,1) (20,1) (21,1) (22,1) (24,1) (25,1) 
node 24: capacity: 186408,cpucost: 0.025,iocost: (0,1) (1,1) (2,1) (3,1) (4,1) (5,1) (6,1) (7,1) (8,1) (9,1) (10,1) (11,1) (12,1) (13,1) (14,1) (15,1) (16,1) (17,1) (18,1) (19,1) (20,1) (21,1) (22,1) (23,1) (25,1) 
node 25: capacity: 186408,cpucost: 0.025,iocost: (0,1) (1,1) (2,1) (3,1) (4,1) (5,1) (6,1) (7,1) (8,1) (9,1) (10,1) (11,1) (12,1) (13,1) (14,1) (15,1) (16,1) (17,1) (18,1) (19,1) (20,1) (21,1) (22,1) (23,1) (24,1) 
src/core/graphknife.cpp(Start:283): Partition Processing costs 420.917994s
src/core/graphknife.cpp(Start:298): Get BalacneFactor....
In get Balance Factor
Pid=0: edge=2074029, vertex=152736
Pid=1: edge=2032153, vertex=153673
Pid=2: edge=2021575, vertex=150019
Pid=3: edge=2007286, vertex=156313
Pid=4: edge=6675568, vertex=295833
Pid=5: edge=2297230, vertex=157335
Pid=6: edge=2789653, vertex=179217
Pid=7: edge=15599575, vertex=432360
Pid=8: edge=4418144, vertex=220822
Pid=9: edge=2325497, vertex=166767
Pid=10: edge=2255401, vertex=151384
Pid=11: edge=2618027, vertex=171218
Pid=12: edge=2988882, vertex=186067
Pid=13: edge=2210737, vertex=154349
Pid=14: edge=2124682, vertex=148517
Pid=15: edge=2872770, vertex=173245
Pid=16: edge=2353306, vertex=166901
Pid=17: edge=3195329, vertex=198781
Pid=18: edge=2049790, vertex=151344
Pid=19: edge=2822634, vertex=185758
Pid=20: edge=3040488, vertex=174936
Pid=21: edge=3230381, vertex=196165
Pid=22: edge=2135840, vertex=161679
Pid=23: edge=3075441, vertex=176138
Pid=24: edge=2375647, vertex=167367
Pid=25: edge=4112409, vertex=217685
src/core/graphknife.cpp(Start:300): Get CutsRatio....

src/util/filereader.cpp(GetCutsRatio:349): Edge Balacne factor (with in/out edge): 9.465046
src/core/graphknife.cpp(Start:304): edgenum = 85702474, edgenum_ = 85702474
Detailed edge-cut info:
0 29652 26928 33272 104686 29223 38250 113651 60145 39372 27316 36700 43446 29354 25652 64944 33255 47456 25877 37160 42682 44785 31319 35633 36051 55596 
29652 0 26892 30713 113055 30347 33918 92134 63536 33587 25178 34102 40571 32686 31510 37205 32772 50736 27376 39778 41215 43825 31326 33915 35639 52391 
26928 26892 0 28370 100969 29470 33027 175798 63565 32848 24028 34663 38192 29864 24745 33144 32544 47034 26335 36784 35461 41400 30399 33613 32645 57289 
33272 30713 28370 0 111927 30699 40034 89967 66471 34944 28363 36533 47867 32621 29236 35409 35244 48604 28289 39713 46689 45825 31523 35188 34917 56546 
104686 113055 100969 111927 0 132660 149075 255178 206725 134592 100670 153982 167400 116050 114247 143524 145377 214629 106402 164606 152136 219638 115786 124467 133472 244919 
29223 30347 29470 30699 132660 0 36639 97170 79284 40582 27818 35654 47337 33736 28376 35033 35289 49213 28012 42130 42783 51171 34911 35621 35568 66130 
38250 33918 33027 40034 149075 36639 0 122344 80700 42241 31202 63321 56066 35890 33926 45096 45516 56380 32992 49483 52278 56049 38211 45788 38915 84592 
113651 92134 175798 89967 255178 97170 122344 0 144475 141371 375575 128914 115919 94228 94527 157093 124600 315113 246031 144166 109530 170941 259366 377630 101455 130161 
60145 63536 63565 66471 206725 79284 80700 144475 0 91253 51595 77904 131012 77166 64059 71896 73877 102160 62429 93845 92892 88867 63230 74472 64380 262876 
39372 33587 32848 34944 134592 40582 42241 141371 91253 0 30744 43377 51148 38315 34107 39623 42657 58076 33737 50219 49712 56053 36061 42386 40487 73091 
27316 25178 24028 28363 100670 27818 31202 375575 51595 30744 0 31209 37664 26077 24612 33544 32641 44528 27849 35613 36595 42045 30568 43875 31102 46034 
36700 34102 34663 36533 153982 35654 63321 128914 77904 43377 31209 0 53616 38640 33033 45494 46666 59701 32440 46721 49563 56039 38177 44527 39721 79738 
43446 40571 38192 47867 167400 47337 56066 115919 131012 51148 37664 53616 0 50907 44174 54675 55418 75618 39534 58704 61660 68754 49035 50988 46548 91131 
29354 32686 29864 32621 116050 33736 35890 94228 77166 38315 26077 38640 50907 0 28360 34583 35766 49274 29250 45120 42104 46274 31886 33887 36555 58800 
25652 31510 24745 29236 114247 28376 33926 94527 64059 34107 24612 33033 44174 28360 0 32752 30031 45346 23478 36222 65538 41100 28883 33056 32978 53068 
64944 37205 33144 35409 143524 35033 45096 157093 71896 39623 33544 45494 54675 34583 32752 0 39423 55415 33418 45719 46755 51274 35877 45395 42749 63594 
33255 32772 32544 35244 145377 35289 45516 124600 73877 42657 32641 46666 55418 35766 30031 39423 0 56857 34706 46706 45663 50956 36577 42241 39880 75760 
47456 50736 47034 48604 214629 49213 56380 315113 102160 58076 44528 59701 75618 49274 45346 55415 56857 0 44828 66538 67552 73471 56492 58328 54472 95962 
25877 27376 26335 28289 106402 28012 32992 246031 62429 33737 27849 32440 39534 29250 23478 33418 34706 44828 0 35317 38482 41687 30437 35577 31163 55110 
37160 39778 36784 39713 164606 42130 49483 144166 93845 50219 35613 46721 58704 45120 36222 45719 46706 66538 35317 0 55339 61544 41838 48119 42195 78933 
42682 41215 35461 46689 152136 42783 52278 109530 92892 49712 36595 49563 61660 42104 65538 46755 45663 67552 38482 55339 0 58856 45940 48434 45486 78577 
44785 43825 41400 45825 219638 51171 56049 170941 88867 56053 42045 56039 68754 46274 41100 51274 50956 73471 41687 61544 58856 0 48738 66588 56716 90867 
31319 31326 30399 31523 115786 34911 38211 259366 63230 36061 30568 38177 49035 31886 28883 35877 36577 56492 30437 41838 45940 48738 0 45169 36511 59128 
35633 33915 33613 35188 124467 35621 45788 377630 74472 42386 43875 44527 50988 33887 33056 45395 42241 58328 35577 48119 48434 66588 45169 0 43203 62431 
36051 35639 32645 34917 133472 35568 38915 101455 64380 40487 31102 39721 46548 36555 32978 42749 39880 54472 31163 42195 45486 56716 36511 43203 0 60197 
55596 52391 57289 56546 244919 66130 84592 130161 262876 73091 46034 79738 91131 58800 53068 63594 75760 95962 55110 78933 78577 90867 59128 62431 60197 0 
pid 0: ec=1092405 cpucost=51850.725000
pid 1: ec=1044059 cpucost=50803.825000
pid 2: ec=1076007 cpucost=50539.375000
pid 3: ec=1078964 cpucost=50182.150000
pid 4: ec=3726172 cpucost=166889.200000
pid 5: ec=1134856 cpucost=57430.750000
pid 6: ec=1341933 cpucost=69741.325000
pid 7: ec=4177337 cpucost=389989.375000
pid 8: ec=2308814 cpucost=110453.600000
pid 9: ec=1310583 cpucost=58137.425000
pid 10: ec=1246445 cpucost=56385.025000
pid 11: ec=1340435 cpucost=65450.675000
pid 12: ec=1577384 cpucost=74722.050000
pid 13: ec=1107393 cpucost=55268.425000
pid 14: ec=1033016 cpucost=53117.050000
pid 15: ec=1323634 cpucost=71819.250000
pid 16: ec=1270422 cpucost=58832.650000
pid 17: ec=1893783 cpucost=79883.225000
pid 18: ec=1150756 cpucost=51244.750000
pid 19: ec=1442512 cpucost=70565.850000
pid 20: ec=1451922 cpucost=76012.200000
pid 21: ec=1673463 cpucost=80759.525000
pid 22: ec=1287388 cpucost=53396.000000
pid 23: ec=1540531 cpucost=76886.025000
pid 24: ec=1193005 cpucost=59391.175000
pid 25: ec=2132921 cpucost=102810.225000
src/core/graphknife.cpp(Start:346): Max Edge Cuts=4177337, Min Edge Cuts=1033016
src/core/graphknife.cpp(Start:347): Get EdgeCuts Ratio costs 244.054870s
src/core/graphknife.cpp(Start:348): EdgeNumber: 85702474, EdgeCuts: 40956140
src/core/graphknife.cpp(Start:349): EdgeCuts ratio= 47.788749%, EdgeCuts ratio2= 47.788749%
src/core/graphknife.cpp(Start:350): Vertex_BF= 2.319428, VCPULoad_BF= 2.319428
src/core/graphknife.cpp(Start:351): Edge_BF= 4.732523, ECPULoad_BF= 4.732523
src/core/graphknife.cpp(Start:352): TotalMinIoCost= 40956140.000000[remap=false]
src/core/graphknife.cpp(Start:353): MaxVertexCpuCost= 10809.000000, MaxEdgeCpuCost= 389989.375000
src/core/graphknife.cpp(Start:354): MaxIoCost = 4177337.000000, MinIoCost=1033016.000000, bf=4.043826
src/core/graphknife.cpp(Start:355): MaxVertexTotalMixCost= 4188146.000000, MaxEdgeTotalMixCost= 4567326.375000
